0.3540213,0.535906204,0.545925577,0.190932132,0.108374384,0.611364579,0.458563536,Sleep stage R
0.387807565,0.502686859,0.544983514,0.54660659,0.045977011,0.630029034,0.342541436,Sleep stage R
0.374586853,0.531509526,0.545925577,0.740918051,0.056923919,0.616341767,0.375690608,Sleep stage R
0.378626515,0.480214949,0.529910504,0.128414531,0.090859332,0.61800083,0.580110497,Sleep stage R
0.437385237,0.447484123,0.575600565,0.59166432,0.049261084,0.627955205,0.425414365,Sleep stage R
0.30664708,0.534440645,0.550164861,0.570543509,0.081007115,0.608875985,0.535911602,Sleep stage R
0.387073081,0.534929165,0.545925577,0.697268375,0.067323481,0.618415595,0.364640884,Sleep stage R
0.39955931,0.456765999,0.552048987,0.321599549,0.044334975,0.614682704,0.524861878,Sleep stage R
0.399192068,0.461162677,0.547809703,0.76119403,0.033935413,0.62463708,0.458563536,Sleep stage R
0.369445465,0.482169028,0.53179463,0.528301887,0.05801861,0.61509747,0.392265193,Sleep stage R
0.494674991,0.481680508,0.563353745,0.529991552,0.373289546,0.626296143,0.414364641,Sleep stage R
0.351083364,0.502198339,0.609043806,0.762320473,0.334975369,0.619245127,0.569060773,Sleep stage R
0.486962909,0.446018564,0.526142252,0.775556181,0.039956212,0.620074658,0.38121547,Sleep stage R
0.375688579,0.582804104,0.534149788,0.62968178,0.105090312,0.610535048,0.281767956,Sleep stage R
0.355490268,0.491939424,0.783325483,0.462968178,0.089764641,0.617586064,0.237569061,Sleep stage R
0.386705839,0.407425501,0.55299105,0.799493101,0.076628352,0.621318955,0.259668508,Sleep stage R
0.413147264,0.424523693,0.547809703,0.324978879,0.105090312,0.610949813,0.574585635,Sleep stage R
0.217407271,0.59110894,0.567121997,0.528301887,0.064586754,0.626710908,0.419889503,Sleep stage R
0.35769372,0.516365413,0.560998587,0.237961138,0.096332786,0.613853173,0.535911602,Sleep stage R
0.439955931,0.770395701,0.501177579,0.940298507,0.083196497,0.618830361,0.541436464,Sleep stage R
0.353286816,0.577918906,0.553933114,0.132357083,0.067323481,0.613023642,0.513812155,Sleep stage R
0.366140286,0.427943332,0.545454545,0.882568291,0.070060208,0.622148486,0.397790055,Sleep stage R
0.35218509,0.555935515,0.56194065,0.132075472,0.079365079,0.614267939,0.414364641,Sleep stage R
0.423062798,0.502686859,0.542628356,0.787665446,0.063492063,0.628369971,0.464088398,Sleep stage R
0.435181785,0.36394724,0.528968441,0.229512813,0.222769568,0.615927001,0.447513812,Sleep stage R
0.473007712,0.400097704,0.533678756,0.86172909,0.118773946,0.62463708,0.303867403,Sleep stage R
0.396254131,0.45481192,0.531323599,0.128977753,0.087027915,0.612608876,0.591160221,Sleep stage R
0.423062798,0.483146067,0.474799812,0.263306111,0.122058019,0.602239735,0.38121547,Sleep stage R
0.453543885,0.472398632,0.533678756,0.828780625,0.089217296,0.62463708,0.53038674,Sleep stage R
0.384502387,0.446995603,0.658031088,0.695015489,0.033388068,0.61800083,0.651933702,Sleep stage R
0.422328314,0.474841231,0.561469618,0.226978316,0.087027915,0.608046454,0.701657459,Sleep stage R
0.373117885,0.472887152,0.553462082,0.586876936,0.053639847,0.627125674,0.640883978,Sleep stage R
0.35769372,0.497801661,0.547338672,0.679808505,0.068418172,0.607631688,0.624309392,Sleep stage R
0.363569592,0.486565706,0.549222798,0.315404112,0.053639847,0.621318955,0.436464088,Sleep stage R
0.368710981,0.483146067,0.558643429,0.873556745,0.016420361,0.613438407,0.325966851,Sleep stage R
0.362467866,0.498290181,0.599623175,0.707124754,0.076081007,0.615927001,0.519337017,Sleep stage R
0.424164524,0.47777235,0.567593029,0.932413405,0.053092501,0.611364579,0.480662983,Sleep stage R
0.40506794,0.513922814,0.612812058,0.635595607,0.049808429,0.613438407,0.629834254,Sleep stage R
0.334924715,0.553004397,0.528968441,0.135736412,0.089217296,0.615512236,0.629834254,Sleep stage R
0.395886889,0.475818271,0.557230334,0.333990425,0.061850027,0.624222314,0.408839779,Sleep stage R
0.34851267,0.486565706,0.589731512,0.321036328,0.055281883,0.611779345,0.580110497,Sleep stage R
0.409842086,0.435271128,0.56806406,0.362714728,0.045429666,0.619245127,0.38121547,Sleep stage R
0.377524789,0.475329751,0.565708902,0.756125035,0.068418172,0.605143094,0.453038674,Sleep stage R
0.390745501,0.453346361,0.57701366,0.416220783,0.168582375,0.608875985,0.375690608,Sleep stage R
0.320235035,0.5456766,0.536033914,0.785975781,0.065681445,0.605972625,0.370165746,Sleep stage R
0.402497246,0.49975574,0.58596326,0.220219656,0.052545156,0.617586064,0.348066298,Sleep stage R
0.33933162,0.486565706,0.491756948,0.765981414,0.031746032,0.617171298,0.447513812,Sleep stage R
0.420859346,0.492916463,0.626000942,0.401858631,0.066776136,0.604728328,0.712707182,Sleep stage R
0.362100624,0.524181729,0.547338672,0.461560124,0.035030104,0.622978017,0.375690608,Sleep stage R
0.383767903,0.412310699,0.565237871,0.649112926,0.078817734,0.609290751,0.480662983,Sleep stage R
0.315460889,0.468001954,0.575129534,0.53618699,0.074438971,0.604313563,0.497237569,Sleep stage R
0.394785163,0.507572057,0.541215261,0.572796395,0.02955665,0.622978017,0.38121547,Sleep stage R
0.415717958,0.439179287,0.556288271,0.212334554,0.096332786,0.606802157,0.508287293,Sleep stage R
0.350716122,0.516853933,0.545925577,0.755280203,0.082101806,0.605143094,0.607734807,Sleep stage R
0.374219611,0.508549096,0.541215261,0.595606871,0.062944718,0.617586064,0.248618785,Sleep stage R
0.413514506,0.496824621,0.542628356,0.227541538,0.13847838,0.623392783,0.243093923,Sleep stage R
0.379728241,0.470933073,0.585492228,0.371163053,0.090311987,0.6026545,0.403314917,Sleep stage R
0.449871465,0.460185638,0.430993877,0.357645734,0.090311987,0.601824969,0.414364641,Sleep stage R
0.365405802,0.439667807,0.593028733,0.471698113,0.068418172,0.618830361,0.425414365,Sleep stage R
0.393683437,0.482169028,0.583608102,0.652492256,0.114395183,0.604728328,0.491712707,Sleep stage R
0.376055821,0.554469956,0.600094206,0.240214024,0.078817734,0.608461219,0.464088398,Sleep stage R
0.311421227,0.503663898,0.623174753,0.21796677,0.088122605,0.61219411,0.635359116,Sleep stage R
0.400293794,0.461651197,0.535562883,0.56040552,0.068965517,0.625051846,0.519337017,Sleep stage R
0.384135145,0.508060576,0.52567122,0.894395945,0.103995621,0.615927001,0.425414365,Sleep stage R
0.393683437,0.517342452,0.560998587,0.191776964,0.132457581,0.61509747,0.640883978,Sleep stage R
0.376055821,0.527601368,0.899199246,0.569135455,0.072249589,0.625051846,0.613259669,Sleep stage R
0.401028278,0.495847582,0.522845031,0.411433399,0.076628352,0.605972625,0.701657459,Sleep stage R
0.410209328,0.528578407,0.606217617,0.569698676,0.067323481,0.61800083,0.53038674,Sleep stage R
0.402130004,0.473864191,0.51672162,0.198254013,0.078817734,0.614267939,0.552486188,Sleep stage R
0.390745501,0.487542745,0.557230334,0.554210082,0.199781062,0.619245127,0.591160221,Sleep stage R
0.362100624,0.430385931,0.608101743,0.517882287,0.086480569,0.609705516,0.497237569,Sleep stage R
0.398457584,0.462628236,0.55581724,0.62630245,0.095785441,0.622148486,0.491712707,Sleep stage R
0.354755784,0.505617978,0.543099388,0.167558434,0.094143404,0.605972625,0.480662983,Sleep stage R
0.378626515,0.510991695,0.497409326,0.592790763,0.040503558,0.618830361,0.535911602,Sleep stage R
0.384502387,0.492916463,0.514837494,0.630526612,0.060755337,0.616756533,0.486187845,Sleep stage R
0.3540213,0.460674157,0.528026378,0.219374824,0.071154899,0.625881377,0.370165746,Sleep stage R
0.318031583,0.56912555,0.568535092,0.721205294,0.079912425,0.608875985,0.563535912,Sleep stage R
0.313257437,0.445041524,0.906735751,0.447479583,0.104542967,0.618830361,0.502762431,Sleep stage R
0.369078223,0.448949682,0.576071597,0.781470008,0.060207991,0.619245127,0.220994475,Sleep stage R
0.383400661,0.461162677,0.549693829,0.207828781,0.207443897,0.613023642,0.414364641,Sleep stage R
0.369078223,0.456277479,0.479039096,0.526330611,0.048166393,0.620904189,0.386740331,Sleep stage R
0.327579875,0.480214949,0.573716439,0.848774993,0.067870826,0.618830361,0.497237569,Sleep stage R
0.367609254,0.482169028,0.560998587,0.268375106,0.65681445,0.628784737,0.458563536,Sleep stage R
0.391479985,0.482169028,0.544041451,0.64714165,0.102353585,0.619659892,0.513812155,Sleep stage R
0.390378259,0.415730337,0.624116816,0.261053224,0.112753147,0.610120282,0.453038674,Sleep stage R
0.491002571,0.471421593,0.484220443,0.61250352,0.050355774,0.625466611,0.475138122,Sleep stage R
0.378993757,0.464582316,0.545925577,0.502112081,0.058565955,0.611364579,0.53038674,Sleep stage R
0.383767903,0.441621886,0.570419218,0.313996057,0.068418172,0.622563252,0.486187845,Sleep stage R
0.369445465,0.526624328,0.583608102,0.835539285,0.112753147,0.62463708,0.480662983,Sleep stage R
0.362467866,0.458231558,0.526142252,0.680371726,0.038861522,0.618415595,0.524861878,Sleep stage R
0.379360999,0.513922814,0.592557701,0.244719797,0.097974822,0.619245127,0.386740331,Sleep stage R
0.376055821,0.502198339,0.491285916,0.875246409,0.062944718,0.620074658,0.209944751,Sleep stage R
0.387440323,0.47777235,0.577955723,0.320754717,0.079912425,0.632102862,0.502762431,Sleep stage R
0.392948953,0.450903762,0.576071597,0.461560124,0.056923919,0.615512236,0.497237569,Sleep stage R
0.363569592,0.502198339,0.398963731,0.164742326,0.130815545,0.627125674,0.607734807,Sleep stage R
0.315460889,0.525158769,0.532265662,0.916643199,0.091954023,0.616756533,0.497237569,Sleep stage R
0.379360999,0.50073278,0.559585492,0.124190369,0.064586754,0.618415595,0.425414365,Sleep stage R
0.376055821,0.43136297,0.56194065,0.81301042,0.07334428,0.620489423,0.624309392,Sleep stage R
0.369445465,0.481680508,0.571361281,0.417065615,0.06622879,0.623807549,0.414364641,Sleep stage R
0.371281675,0.47777235,0.567593029,0.361869896,0.072249589,0.615512236,0.53038674,Sleep stage R
0.402497246,0.465559355,0.567593029,0.406646015,0.068418172,0.624222314,0.563535912,Sleep stage R
0.366140286,0.484123107,0.584550165,0.593635596,0.176245211,0.632102862,0.535911602,Sleep stage R
0.400293794,0.446507084,0.532736693,0.663475077,0.047071702,0.622148486,0.535911602,Sleep stage R
0.36136614,0.450415242,0.567121997,0.610250634,0.171866448,0.615927001,0.430939227,Sleep stage R
0.42343004,0.481680508,0.523787094,0.358490566,0.082101806,0.610535048,0.574585635,Sleep stage R
0.367976497,0.458231558,0.555346208,0.937482399,0.132457581,0.627955205,0.414364641,Sleep stage R
0.413881748,0.425012213,0.527555346,0.331455928,0.725779967,0.62463708,0.397790055,Sleep stage R
0.403966214,0.459697118,0.538860104,0.57110673,0.103448276,0.613023642,0.425414365,Sleep stage R
0.389643775,0.472887152,0.535091851,0.494226978,0.119321292,0.630858565,0.403314917,Sleep stage R
0.376055821,0.485100147,0.587376354,0.175443537,0.133552271,0.612608876,0.508287293,Sleep stage R
0.374219611,0.505617978,0.563353745,0.812447198,0.071702244,0.620074658,0.541436464,Sleep stage R
0.388542049,0.442110405,0.540273198,0.397634469,0.119321292,0.623807549,0.629834254,Sleep stage R
0.355490268,0.511968735,0.552520019,0.802027598,0.069512863,0.618830361,0.541436464,Sleep stage R
0.3977231,0.463116756,0.51954781,0.2942833,0.076628352,0.620904189,0.436464088,Sleep stage R
0.342636798,0.486565706,0.58313707,0.85130949,0.054187192,0.630029034,0.552486188,Sleep stage R
0.388174807,0.453346361,0.563824776,0.629118558,0.048166393,0.620489423,0.607734807,Sleep stage R
0.379728241,0.473375672,0.552520019,0.175161926,0.071154899,0.62463708,0.397790055,Sleep stage R
0.392581711,0.472398632,0.531323599,0.371726274,0.249589491,0.62463708,0.342541436,Sleep stage R
0.362100624,0.488031265,0.537447009,0.729653619,0.067870826,0.626710908,0.35359116,Sleep stage R
0.401762762,0.483634587,0.578897786,0.129259364,0.285714286,0.625466611,0.55801105,Sleep stage R
0.381197209,0.483146067,0.539802167,0.809349479,0.052545156,0.617586064,0.524861878,Sleep stage R
0.380462725,0.502686859,0.59208667,0.374823993,0.123152709,0.620489423,0.408839779,Sleep stage R
0.363569592,0.458231558,0.597268017,0.194593072,0.298303229,0.617586064,0.596685083,Sleep stage R
0.392581711,0.473375672,0.520018841,0.276541819,0.089764641,0.622978017,0.696132597,Sleep stage R
0.401762762,0.470933073,0.556759303,0.140523796,0.639846743,0.619245127,0.624309392,Sleep stage R
0.358428204,0.482169028,0.513424399,0.613629963,0.0591133,0.618830361,0.497237569,Sleep stage R
0.372383401,0.496824621,0.515308526,0.517037454,0.074986316,0.629614268,0.35359116,Sleep stage R
0.34116783,0.506106497,0.572774376,0.377921712,0.10290093,0.620074658,0.55801105,Sleep stage R
0.383400661,0.486077186,0.544983514,0.829062236,0.052545156,0.625051846,0.552486188,Sleep stage R
0.384502387,0.507572057,0.560056524,0.542100817,0.076628352,0.626710908,0.287292818,Sleep stage R
0.432243849,0.380068393,0.566179934,0.236834694,0.064039409,0.61509747,0.563535912,Sleep stage R
0.391112743,0.427943332,0.511069242,0.648831315,0.053639847,0.622563252,0.55801105,Sleep stage R
0.366507528,0.491939424,0.534149788,0.621233455,0.092501368,0.628369971,0.607734807,Sleep stage R
0.413147264,0.518319492,0.579839849,0.562095184,0.068418172,0.628784737,0.419889503,Sleep stage R
0.392214469,0.456765999,0.527084315,0.661503802,0.216201423,0.625881377,0.419889503,Sleep stage R
0.375321337,0.518808012,0.545925577,0.923683469,0.056376574,0.627125674,0.430939227,Sleep stage R
0.359162688,0.515388373,0.544983514,0.232047311,0.071154899,0.620489423,0.624309392,Sleep stage R
0.383400661,0.511480215,0.553462082,0.4947902,0.081007115,0.635420987,0.303867403,Sleep stage R
0.388909291,0.557889595,0.582666039,0.860884258,0.939244663,0.623807549,0.53038674,Sleep stage R
0.368710981,0.490962384,0.547338672,0.69219938,0.091406678,0.626296143,0.55801105,Sleep stage R
0.332354021,0.503175379,0.55581724,0.084201633,0.073891626,0.622148486,0.497237569,Sleep stage R
0.354755784,0.464582316,0.557701366,0.658124472,0.084838533,0.621318955,0.541436464,Sleep stage R
0.401028278,0.427454812,0.550635893,0.377921712,0.047619048,0.62754044,0.574585635,Sleep stage R
0.493573265,0.459697118,0.529910504,0.240495635,0,0.62754044,0.569060773,Sleep stage R
0.358060962,0.452857841,0.548751766,0.835257674,0.105090312,0.624222314,0.596685083,Sleep stage R
0.339698862,0.468490474,0.508714084,0.234581808,0.10180624,0.624222314,0.403314917,Sleep stage R
0.383033419,0.45383488,0.533207725,0.179386088,0.107827039,0.621318955,0.591160221,Sleep stage R
0.385604113,0.491450904,0.531323599,0.914108702,0.060207991,0.630029034,0.607734807,Sleep stage R
0.398824826,0.4543234,0.56806406,0.395663193,0.097974822,0.619245127,0.613259669,Sleep stage R
0.353654058,0.436248168,0.565708902,0.850183047,0.294471812,0.633761925,0.348066298,Sleep stage R
0.40690415,0.450903762,0.470560528,1,0.095785441,0.622148486,0.546961326,Sleep stage R
0.394785163,0.481191988,0.553933114,0.280484371,0.059660646,0.631273331,0.342541436,Sleep stage R
0.322438487,0.471910112,0.541215261,0.056322163,0.079365079,0.621318955,0.44198895,Sleep stage R
0.390378259,0.420127015,0.553462082,0.97578147,0.071702244,0.623807549,0.497237569,Sleep stage R
0.389643775,0.463116756,0.539331135,0.394255139,0.078817734,0.632102862,0.475138122,Sleep stage R
0.363569592,0.461651197,0.53179463,0.210644889,0.077723043,0.618830361,0.53038674,Sleep stage R
0.355123026,0.484123107,0.563353745,0.34609969,0.02134647,0.629614268,0.436464088,Sleep stage R
0.382666177,0.496824621,0.566179934,0.786820614,0.232074439,0.613438407,0.497237569,Sleep stage R
0.3540213,0.479237909,0.553933114,0.116023655,0.066776136,0.638324347,0.502762431,Sleep stage R
0.411311054,0.469956033,0.54686764,0.83751056,0.067870826,0.619245127,0.486187845,Sleep stage R
0.396621373,0.505129458,0.555346208,0.327231766,0.058565955,0.632102862,0.397790055,Sleep stage R
0.402864488,0.460185638,0.544983514,0.082793579,0.075533662,0.615927001,0.464088398,Sleep stage R
0.380829967,0.503175379,0.542157325,0.587158547,0.065681445,0.612608876,0.640883978,Sleep stage R
0.380095483,0.516365413,0.539802167,0.985637848,0.067323481,0.619659892,0.546961326,Sleep stage R
0.345941976,0.49926722,0.558643429,0.463249789,0.072249589,0.629199502,0.359116022,Sleep stage R
0.313257437,0.525647289,0.482336317,0.716981132,0.085385878,0.620904189,0.552486188,Sleep stage R
0.356224752,0.493404983,0.512953368,0.115742044,0.062944718,0.622978017,0.430939227,Sleep stage R
0.417554168,0.473864191,0.489872821,0.075190087,0.845648604,0.609290751,0.414364641,Sleep stage R
0.22438487,0.698094773,0.575600565,0.728527175,0.886152162,0.639568644,0.359116022,Sleep stage R
0.416452442,0.421592574,0.554875177,0.266967052,0.296661193,0.612608876,0.46961326,Sleep stage R
0.404700698,0.43282853,0.542157325,0.499014362,0.068965517,0.633347159,0.447513812,Sleep stage R
0.368343739,0.531509526,0.559114461,0.061672768,0.0651341,0.622978017,0.613259669,Sleep stage R
0.4160852,0.446507084,0.548280735,0.89974655,0.10180624,0.615927001,0.524861878,Sleep stage R
0.303709144,0.52222765,0.567121997,0.074063644,0.085933224,0.625881377,0.591160221,Sleep stage R
0.370914433,0.446507084,0.539331135,0.972683751,0.169677066,0.625466611,0.602209945,Sleep stage R
0.462357694,0.329262335,0.530381536,0.143621515,0.296661193,0.622563252,0.486187845,Sleep stage R
0.367242012,0.47777235,0.535562883,0.898620107,0.15270936,0.630443799,0.447513812,Sleep stage R
0.359162688,0.47728383,0.551577956,0.134328358,0.072796935,0.633761925,0.46961326,Sleep stage R
0.370914433,0.511480215,0.536975977,0.412278231,0.076628352,0.616756533,0.613259669,Sleep stage R
0.388909291,0.49975574,0.526142252,0.691354548,0.081007115,0.628784737,0.535911602,Sleep stage R
0.410209328,0.462628236,0.557230334,0.063644044,0.071154899,0.62463708,0.569060773,Sleep stage R
0.353654058,0.474841231,0.545454545,0.979724021,0.070607553,0.620904189,0.861878453,Sleep stage R
0.376055821,0.472398632,0.560056524,0.181075753,0.111658456,0.630029034,0.745856354,Sleep stage R
0.415717958,0.470444553,0.564295808,0.242748522,0.061850027,0.617586064,0.668508287,Sleep stage R
0.362100624,0.472398632,0.554875177,0.835257674,0.054187192,0.62754044,0.602209945,Sleep stage R
0.278002203,0.553004397,0.548280735,0.085891298,0.084838533,0.628784737,0.546961326,Sleep stage R
0.396254131,0.437713727,0.547338672,0.767107857,0.08045977,0.609290751,0.629834254,Sleep stage R
0.340433346,0.592574499,0.542628356,0.350887074,0.062397373,0.627125674,0.580110497,Sleep stage R
0.29930224,0.558866634,0.618935469,0.990425232,0.026819923,0.628784737,0.475138122,Sleep stage R
0.359897172,0.514899853,0.492699011,0.92734441,0.071702244,0.62173372,0.524861878,Sleep stage R
0.353654058,0.440644846,0.623645784,0.110954661,0.064039409,0.622563252,0.425414365,Sleep stage R
0.386705839,0.459697118,0.563824776,0.931568572,0.059660646,0.637494815,0.55801105,Sleep stage R
0.368343739,0.516365413,0.525200188,0.489721205,0.125889436,0.655744504,0.541436464,Sleep stage R
0.400293794,0.421592574,0.506829958,0.48803154,0.088669951,0.656988801,0.602209945,Sleep stage R
0.396621373,0.495359062,0.520489873,0.5156294,0.072249589,0.660306927,0.61878453,Sleep stage R
0.34116783,0.549096238,0.556759303,0.510278795,0.02955665,0.658647864,0.419889503,Sleep stage R
0.359897172,0.536394724,0.508714084,0.507462687,0.029009305,0.663625052,0.55801105,Sleep stage R
0.338597136,0.423058134,0.583608102,0.484088989,0.052545156,0.664454583,0.591160221,Sleep stage R
0.434080059,0.47630679,0.559585492,0.468600394,0.076628352,0.661965989,0.414364641,Sleep stage R
0.440323173,0.472887152,0.557701366,0.4843706,0.143951834,0.661551224,0.430939227,Sleep stage R
0.377892031,0.516853933,0.569948187,0.475640665,0.070607553,0.657403567,0.486187845,Sleep stage R
0.307381564,0.463605276,0.60433349,0.510278795,0.055281883,0.657818333,0.607734807,Sleep stage R
0.378626515,0.498778701,0.565237871,0.529146719,0.099069513,0.658647864,0.53038674,Sleep stage R
0.402864488,0.468490474,0.539802167,0.506617854,0.0591133,0.659477395,0.408839779,Sleep stage R
0.349981638,0.515876893,0.556288271,0.462968178,0.096880131,0.654500207,0.447513812,Sleep stage R
0.377524789,0.47630679,0.545454545,0.469726838,0.044882321,0.661551224,0.580110497,Sleep stage R
0.338964378,0.502686859,0.550635893,0.523796114,0.090311987,0.655329739,0.508287293,Sleep stage R
0.348879912,0.505617978,0.528968441,0.504083357,0.0591133,0.662795521,0.569060773,Sleep stage R
0.41057657,0.43087445,0.538860104,0.448887637,0.039408867,0.660721692,0.552486188,Sleep stage R
0.371648917,0.529066927,0.549693829,0.513094903,0.045429666,0.661136458,0.535911602,Sleep stage R
0.396254131,0.463116756,0.578897786,0.484652211,0.0651341,0.669017005,0.342541436,Sleep stage R
0.374586853,0.490962384,0.424870466,0.4843706,0.088669951,0.66569888,0.546961326,Sleep stage R
0.383767903,0.501221299,0.545925577,0.508870741,0.062944718,0.655744504,0.392265193,Sleep stage R
0.338964378,0.490962384,0.541686293,0.675865953,0.074438971,0.652841145,0.44198895,Sleep stage R
0.377892031,0.495847582,0.528968441,0.471134892,0.102353585,0.656574036,0.44198895,Sleep stage R
0.279838414,0.6814851,0.529910504,0.57110673,0.058565955,0.654500207,0.419889503,Sleep stage R
0.370547191,0.471421593,0.552520019,0.445508308,0.066776136,0.659477395,0.248618785,Sleep stage R
0.389643775,0.52271617,0.333019312,0.472824556,0.084838533,0.663625052,0.502762431,Sleep stage R
0.305545354,0.530532487,0.641073952,0.593917206,0.082101806,0.664869349,0.535911602,Sleep stage R
0.419390378,0.453346361,0.537918041,0.56744579,0.074986316,0.657818333,0.513812155,Sleep stage R
0.383033419,0.470444553,0.57701366,0.526330611,0.085385878,0.656574036,0.486187845,Sleep stage R
0.405802424,0.428431851,0.579368818,0.49141087,0.093596059,0.664454583,0.624309392,Sleep stage R
0.395519647,0.481191988,0.571832313,0.521261616,0.102353585,0.659892161,0.541436464,Sleep stage R
0.370914433,0.528089888,0.545454545,0.482399324,0.08045977,0.664039818,0.580110497,Sleep stage R
0.391112743,0.462139717,0.538389072,0.514502957,0.039956212,0.660721692,0.662983425,Sleep stage R
0.407271392,0.4543234,0.538860104,0.486905097,0.071702244,0.662795521,0.580110497,Sleep stage R
0.347778186,0.501709819,0.494112106,0.580963109,0.051450465,0.661965989,0.602209945,Sleep stage R
0.40139552,0.424035173,0.54074423,0.651084202,0.102353585,0.666528411,0.607734807,Sleep stage R
0.345941976,0.525158769,0.545925577,0.480709659,0.061850027,0.664869349,0.541436464,Sleep stage R
0.359162688,0.442110405,0.597268017,0.524077725,0.113847838,0.660721692,0.447513812,Sleep stage R
0.398824826,0.466536395,0.493641074,0.475640665,0.082649152,0.666528411,0.607734807,Sleep stage R
0.376055821,0.47777235,0.498822421,0.503520135,0.108374384,0.665284114,0.44198895,Sleep stage R
0.391847227,0.457254519,0.572303344,0.616727682,0.136836344,0.672335131,0.403314917,Sleep stage R
0.338597136,0.524181729,0.555346208,0.495353422,0.184455391,0.663210286,0.508287293,Sleep stage R
0.379360999,0.459208598,0.556288271,0.507462687,0.072796935,0.664039818,0.55801105,Sleep stage R
0.383033419,0.493893503,0.541686293,0.597014925,0.192118227,0.659477395,0.453038674,Sleep stage R
0.373852369,0.491450904,0.547809703,0.503801746,0.08045977,0.65615927,0.541436464,Sleep stage R
0.386705839,0.482169028,0.560056524,0.444100253,0.220032841,0.655744504,0.480662983,Sleep stage R
0.396988615,0.444064485,0.553933114,0.496198254,0.10892173,0.661965989,0.464088398,Sleep stage R
0.376055821,0.556424035,0.554404145,0.592227542,0.061302682,0.659892161,0.546961326,Sleep stage R
0.365405802,0.468978994,0.545925577,0.451985356,0.076081007,0.664039818,0.546961326,Sleep stage R
0.376055821,0.492427943,0.545454545,0.417347226,0.102353585,0.659477395,0.563535912,Sleep stage R
0.432611091,0.446507084,0.550164861,0.414249507,0.082649152,0.660306927,0.46961326,Sleep stage R
0.431142123,0.425989253,0.548751766,0.544916925,0.093048714,0.662795521,0.607734807,Sleep stage R
0.400661036,0.459697118,0.533678756,0.53280766,0.116037219,0.656988801,0.508287293,Sleep stage R
0.368343739,0.541768442,0.555346208,0.506899465,0.049261084,0.651596848,0.458563536,Sleep stage R
0.381931693,0.483634587,0.559585492,0.56040552,0.100164204,0.659477395,0.46961326,Sleep stage R
0.369445465,0.513922814,0.538860104,0.477048719,0.11713191,0.658233098,0.259668508,Sleep stage R
0.34116783,0.507572057,0.548280735,0.444945086,0.047619048,0.655744504,0.386740331,Sleep stage R
0.436650753,0.49926722,0.559114461,0.390594199,0.056923919,0.661136458,0.35359116,Sleep stage R
0.29379361,0.484123107,0.63447951,0.494226978,0.053092501,0.662380755,0.337016575,Sleep stage R
0.355490268,0.472887152,0.586905323,0.506899465,0.093048714,0.667772708,0.165745856,Sleep stage R
0.416819684,0.420127015,0.530381536,0.666854407,0.101258894,0.657403567,0.397790055,Sleep stage R
0.36687477,0.569614069,0.492699011,0.657842861,0.06622879,0.654914973,0.44198895,Sleep stage R
0.36320235,0.502198339,0.545925577,0.458180794,0.111658456,0.661551224,0.552486188,Sleep stage R
0.399926552,0.513922814,0.548280735,0.454519854,0.046524357,0.661136458,0.569060773,Sleep stage R
0.392581711,0.47679531,0.575600565,0.311179949,0.090311987,0.663625052,0.447513812,Sleep stage R
0.400293794,0.438690767,0.565237871,0.432272599,0.068965517,0.657818333,0.480662983,Sleep stage R
0.366507528,0.452857841,0.511540273,0.549704309,0.060207991,0.661551224,0.453038674,Sleep stage R
0.375321337,0.508060576,0.543570419,0.620107012,0.164750958,0.655744504,0.519337017,Sleep stage R
0.337128167,0.527601368,0.55581724,0.64010138,0.081554461,0.662795521,0.524861878,Sleep stage R
0.381931693,0.482169028,0.505416863,0.535623768,0.0591133,0.66569888,0.535911602,Sleep stage R
0.367976497,0.465070835,0.563824776,0.460433681,0.068965517,0.665284114,0.414364641,Sleep stage R
0.393683437,0.473375672,0.537447009,0.46719234,0.059660646,0.665284114,0.464088398,Sleep stage R
0.373852369,0.485100147,0.537918041,0.468600394,0.257799672,0.664039818,0.602209945,Sleep stage R
0.367242012,0.452857841,0.556759303,0.425795551,0.16803503,0.659477395,0.513812155,Sleep stage R
0.383767903,0.471421593,0.544041451,0.492537313,0.103448276,0.664454583,0.651933702,Sleep stage R
0.394785163,0.43234001,0.562411682,0.526049,0.124794745,0.66569888,0.552486188,Sleep stage R
0.367609254,0.446018564,0.603391427,0.410870177,0.092501368,0.659477395,0.55801105,Sleep stage R
0.367609254,0.470933073,0.530381536,0.46015207,0.048166393,0.671920365,0.55801105,Sleep stage R
0.367609254,0.513922814,0.544983514,0.38411715,0.077723043,0.654085442,0.480662983,Sleep stage R
0.331252295,0.496336102,0.529910504,0.256829062,0.074438971,0.649937785,0.38121547,Sleep stage R
0.381197209,0.484611627,0.554875177,0.2838637,0.091406678,0.657403567,0.46961326,Sleep stage R
0.294895336,0.527112848,0.549222798,0.732469727,0.088122605,0.650767316,0.535911602,Sleep stage R
0.433712817,0.45530044,0.554404145,0.429456491,0.056923919,0.652841145,0.430939227,Sleep stage R
0.378626515,0.496336102,0.560998587,0.286398198,0.105090312,0.65906263,0.392265193,Sleep stage R
0.391479985,0.484611627,0.545925577,0.737538721,0.035030104,0.653670676,0.497237569,Sleep stage R
0.384869629,0.487542745,0.533207725,0.646578429,0.071702244,0.654914973,0.38121547,Sleep stage R
0.36687477,0.471910112,0.544512482,0.286398198,0.091406678,0.657818333,0.403314917,Sleep stage R
0.400661036,0.463605276,0.545454545,0.300478738,0.05801861,0.653670676,0.392265193,Sleep stage R
0.363569592,0.506106497,0.549693829,0.326950155,0.08757526,0.653670676,0.55801105,Sleep stage R
0.319133309,0.556424035,0.551577956,0.629400169,0.072249589,0.65615927,0.337016575,Sleep stage R
0.409474844,0.446507084,0.562882713,0.683469445,0.082101806,0.652426379,0.546961326,Sleep stage R
0.397355858,0.498290181,0.528497409,0.337369755,0.073891626,0.645790129,0.552486188,Sleep stage R
0.419390378,0.446995603,0.551577956,0.27006477,0.069512863,0.650352551,0.585635359,Sleep stage R
0.370547191,0.490473864,0.548751766,0.691636159,0.075533662,0.650352551,0.569060773,Sleep stage R
0.395519647,0.436736688,0.57089025,0.473106167,0.063492063,0.658647864,0.475138122,Sleep stage R
0.396254131,0.467024915,0.56194065,0.535623768,0.071154899,0.648693488,0.729281768,Sleep stage R
0.376055821,0.501221299,0.556288271,0.283300479,0.111658456,0.648278723,0.723756906,Sleep stage R
0.345574734,0.47728383,0.557230334,0.624894396,0.0651341,0.649523019,0.701657459,Sleep stage R
0.382298935,0.483146067,0.554875177,0.322725993,0.115489874,0.649937785,0.497237569,Sleep stage R
0.384502387,0.471421593,0.545454545,0.525485779,0.048713738,0.654500207,0.635359116,Sleep stage R
0.408005876,0.468978994,0.54074423,0.285271754,0.057471264,0.651596848,0.602209945,Sleep stage R
0.420124862,0.382022472,0.545925577,0.625739228,0.046524357,0.65615927,0.414364641,Sleep stage R
0.345207492,0.510503175,0.561469618,0.767671079,0.064586754,0.652841145,0.624309392,Sleep stage R
0.374586853,0.510014656,0.536975977,0.359617009,0.077175698,0.644960597,0.563535912,Sleep stage R
0.381931693,0.494382022,0.550635893,0.555336525,0.090311987,0.654500207,0.447513812,Sleep stage R
0.393316195,0.544211041,0.535562883,0.57786539,0.103995621,0.644545832,0.591160221,Sleep stage R
0.381564451,0.493404983,0.558172398,0.278231484,0.058565955,0.645375363,0.513812155,Sleep stage R
0.417186926,0.463116756,0.543099388,0.533089271,0.084838533,0.653670676,0.430939227,Sleep stage R
0.391112743,0.471910112,0.527555346,0.71979724,0.068418172,0.65615927,0.64640884,Sleep stage R
0.36687477,0.38593063,0.561469618,0.282737257,0.084291188,0.64661966,0.662983425,Sleep stage R
0.359162688,0.466047875,0.633066415,0.364122782,0.079365079,0.644960597,0.767955801,Sleep stage R
0.514138817,0.45481192,0.463024023,0.744578992,0.123152709,0.654914973,0.751381215,Sleep stage R
0.378259273,0.498778701,0.514366463,0.752464095,0.072249589,0.649523019,0.574585635,Sleep stage R
0.367609254,0.460185638,0.56194065,0.686567164,0.0591133,0.648278723,0.580110497,Sleep stage R
0.378626515,0.426966292,0.560056524,0.534778936,0.061302682,0.646204894,0.524861878,Sleep stage R
0.408373118,0.461162677,0.786622704,0.402421853,0.062944718,0.652011613,0.762430939,Sleep stage R
0.253396989,0.497313141,0.595854922,0.738383554,0.055281883,0.657818333,0.629834254,Sleep stage R
0.294528094,0.471421593,0.534149788,0.627992115,0.036124795,0.654500207,0.497237569,Sleep stage R
0.396988615,0.457254519,0.429580782,0.595888482,0.090859332,0.652011613,0.701657459,Sleep stage R
0.358428204,0.479237909,0.544983514,0.329203041,0.072796935,0.651596848,0.64640884,Sleep stage R
0.358428204,0.474841231,0.586434291,0.759785976,0.044882321,0.652841145,0.657458564,Sleep stage R
0.366140286,0.473375672,0.550164861,0.693325824,0.044334975,0.648278723,0.497237569,Sleep stage R
0.388174807,0.491939424,0.549693829,0.205857505,0.090859332,0.652426379,0.729281768,Sleep stage R
0.365405802,0.52173913,0.530852567,0.562940017,0.049808429,0.655744504,0.635359116,Sleep stage R
0.378259273,0.475818271,0.553933114,0.606589693,0.079365079,0.645790129,0.607734807,Sleep stage R
0.392214469,0.463605276,0.549693829,0.335116868,0.083196497,0.640812941,0.574585635,Sleep stage R
0.388909291,0.480703468,0.533207725,0.30808223,0.064039409,0.638739112,0.497237569,Sleep stage R
0.354755784,0.506106497,0.585021196,0.45339341,0.06622879,0.637494815,0.519337017,Sleep stage R
0.418288652,0.466047875,0.575600565,0.341593917,0.10892173,0.638324347,0.524861878,Sleep stage R
0.3540213,0.489008305,0.585021196,0.670796959,0.06622879,0.649937785,0.519337017,Sleep stage R
0.420859346,0.487054226,0.438530382,0.698676429,0.275862069,0.640812941,0.563535912,Sleep stage R
0.399926552,0.504640938,0.534149788,0.705435089,0.042145594,0.64661966,0.480662983,Sleep stage R
0.376055821,0.468001954,0.577484691,0.773584906,0.136836344,0.650767316,0.580110497,Sleep stage R
0.373117885,0.464582316,0.555346208,0.761757251,0.241926656,0.649523019,0.497237569,Sleep stage R
0.388174807,0.480703468,0.542628356,0.670796959,0.098522167,0.644545832,0.563535912,Sleep stage R
0.3977231,0.47728383,0.521902967,0.639256547,0.072249589,0.646204894,0.607734807,Sleep stage R
0.395886889,0.503663898,0.417333961,0.690509716,0.056923919,0.649937785,0.679558011,Sleep stage R
0.364304076,0.507083537,0.563353745,0.616164461,0.213464696,0.652426379,0.591160221,Sleep stage R
0.385971355,0.467024915,0.523787094,0.675021121,0.048713738,0.656988801,0.535911602,Sleep stage R
0.396621373,0.510991695,0.560056524,0.422697832,0.093048714,0.659477395,0.55801105,Sleep stage R
0.401028278,0.593063019,0.528497409,0.422979442,0.071702244,0.647034426,0.767955801,Sleep stage R
0.410943812,0.483634587,0.509656147,0.512531681,0.089764641,0.649108254,0.629834254,Sleep stage R
0.392214469,0.554958476,0.577484691,0.28358209,0.084838533,0.642057238,0.602209945,Sleep stage R
0.378993757,0.482169028,0.534149788,0.235989862,0.127531472,0.645375363,0.502762431,Sleep stage R
0.369812707,0.511968735,0.548751766,0.394818361,0.103448276,0.656988801,0.480662983,Sleep stage R
0.405802424,0.43185149,0.542628356,0.696423543,0.068418172,0.65325591,0.607734807,Sleep stage R
0.383400661,0.480214949,0.545454545,0.433399043,0.088122605,0.64661966,0.701657459,Sleep stage R
0.381564451,0.446995603,0.537918041,0.400168966,0.076628352,0.653670676,0.337016575,Sleep stage R
0.379360999,0.419638495,0.552048987,0.468037173,0.085385878,0.645790129,0.651933702,Sleep stage R
0.35769372,0.520762091,0.550635893,0.384398761,0.120963328,0.657403567,0.674033149,Sleep stage R
0.384502387,0.47679531,0.542157325,0.54660659,0.097427477,0.649523019,0.629834254,Sleep stage R
0.394417921,0.489985344,0.543099388,0.292593636,0.093048714,0.649937785,0.767955801,Sleep stage R
0.388174807,0.509037616,0.539802167,0.316812166,0.100164204,0.643301535,0.79558011,Sleep stage R
0.392214469,0.444064485,0.552520019,0.591382709,0.083196497,0.655329739,0.624309392,Sleep stage R
0.360264414,0.492916463,0.548280735,0.71275697,0.639299398,0.655744504,0.491712707,Sleep stage R
0.387073081,0.448461163,0.550635893,0.535060546,0.195402299,0.650767316,0.685082873,Sleep stage R
0.358428204,0.509037616,0.542157325,0.274007322,0.185550082,0.647863957,0.591160221,Sleep stage R
0.387073081,0.503663898,0.540273198,0.599549423,0.114395183,0.652841145,0.535911602,Sleep stage R
0.35952993,0.436736688,0.540273198,0.817797803,0.062397373,0.655329739,0.46961326,Sleep stage R
0.383033419,0.479237909,0.553462082,0.410306956,0.096880131,0.6437163,0.502762431,Sleep stage R
0.391479985,0.49975574,0.545925577,0.297381019,0.104542967,0.657818333,0.535911602,Sleep stage R
0.434814543,0.417195896,0.550164861,0.655026753,0.065681445,0.651596848,0.458563536,Sleep stage R
0.407271392,0.479726429,0.545925577,0.288651084,0.044334975,0.649937785,0.403314917,Sleep stage R
0.418288652,0.47728383,0.710315591,0.312588003,0.091406678,0.647863957,0.364640884,Sleep stage R
0.427469703,0.440644846,0.673104098,0.381019431,0.061302682,0.6437163,0.38121547,Sleep stage R
0.391112743,0.446507084,0.535562883,0.453956632,0.056376574,0.648278723,0.364640884,Sleep stage R
0.343738524,0.529555447,0.544983514,0.28020276,0.091406678,0.647034426,0.585635359,Sleep stage R
0.311053985,0.534929165,0.560527555,0.31484089,0.0651341,0.651182082,0.425414365,Sleep stage R
0.374954095,0.472887152,0.569006123,0.408898902,0.082649152,0.64661966,0.546961326,Sleep stage R
0.402130004,0.503175379,0.520018841,0.387214869,0.064586754,0.653670676,0.480662983,Sleep stage R
0.374219611,0.467513434,0.548280735,0.802309209,0.050355774,0.644131066,0.408839779,Sleep stage R
0.383033419,0.435759648,0.554875177,0.721205294,0.048166393,0.65615927,0.524861878,Sleep stage R
0.35769372,0.513434294,0.544983514,0.383272318,0.106732348,0.64661966,0.61878453,Sleep stage R
0.425633492,0.490473864,0.50164861,0.596733315,0.057471264,0.637909581,0.486187845,Sleep stage R
0.378626515,0.498778701,0.544041451,0.442692199,0.050355774,0.647034426,0.613259669,Sleep stage R
0.407271392,0.441621886,0.540273198,0.379048155,0.039408867,0.654914973,0.53038674,Sleep stage R
0.378626515,0.482169028,0.565708902,0.683187834,0.082649152,0.6437163,0.563535912,Sleep stage R
0.378259273,0.482169028,0.536975977,0.290059138,0.078270389,0.649108254,0.513812155,Sleep stage R
0.368710981,0.447484123,0.553462082,0.797803436,0.044334975,0.654085442,0.591160221,Sleep stage R
0.367609254,0.49975574,0.55299105,0.753872149,0.054734537,0.649108254,0.70718232,Sleep stage R
0.34300404,0.492916463,0.557230334,0.573078006,0.054187192,0.644131066,0.591160221,Sleep stage R
0.403966214,0.433805569,0.530852567,0.183047029,0.14668856,0.647449191,0.475138122,Sleep stage R
0.393683437,0.482657548,0.565708902,0.335398479,0.135194308,0.648693488,0.375690608,Sleep stage R
0.33933162,0.525158769,0.539331135,0.552520417,0.073891626,0.651182082,0.480662983,Sleep stage R
0.424899008,0.416218857,0.569477155,0.960011264,0.1893815,0.644131066,0.325966851,Sleep stage R
0.42343004,0.675134343,0.551577956,0.135454801,0.948549535,0.647449191,0.281767956,Sleep stage R
0.330885053,0.570591109,0.548751766,0.274007322,0.088669951,0.629199502,0.569060773,Sleep stage R
0.376055821,0.547142159,0.54074423,0.260771614,0.142309797,0.630858565,0.480662983,Sleep stage R
0.428938671,0.446995603,0.63447951,0.725711067,0.032293377,0.642472003,0.55801105,Sleep stage R
0.364671318,0.489008305,0.442769666,0.585468882,0.076081007,0.638739112,0.546961326,Sleep stage R
0.340066104,0.442598925,0.60433349,0.435088707,0.098522167,0.645375363,0.635359116,Sleep stage R
0.363936834,0.453346361,0.542628356,0.872711912,0.054734537,0.633761925,0.453038674,Sleep stage R
0.40323173,0.45481192,0.581723976,0.323852436,0.114942529,0.62173372,0.513812155,Sleep stage R
0.381197209,0.52369321,0.563824776,0.431709378,0.096880131,0.63417669,0.585635359,Sleep stage R
0.408373118,0.435271128,0.544983514,0.680090115,0.069512863,0.628784737,0.585635359,Sleep stage R
0.370914433,0.537371764,0.536975977,0.170937764,0.09469075,0.633347159,0.475138122,Sleep stage R
0.36687477,0.484123107,0.541215261,0.692480991,0.071154899,0.643301535,0.569060773,Sleep stage R
0.366140286,0.497801661,0.55299105,0.68177978,0.085933224,0.627955205,0.569060773,Sleep stage R
0.379728241,0.490962384,0.543570419,0.263306111,0.237000547,0.632932393,0.574585635,Sleep stage R
0.396988615,0.467513434,0.551577956,0.80287243,0.095238095,0.640398175,0.574585635,Sleep stage R
0.387073081,0.496824621,0.552048987,0.197409181,0.084291188,0.634591456,0.546961326,Sleep stage R
0.421961072,0.49975574,0.558172398,0.670233737,0.070060208,0.635420987,0.535911602,Sleep stage R
0.354755784,0.4543234,0.563353745,0.441565756,0.083743842,0.622978017,0.679558011,Sleep stage R
0.407271392,0.45530044,0.551106924,0.21796677,0.076081007,0.62754044,0.674033149,Sleep stage R
0.35585751,0.527601368,0.597268017,0.476767108,0.066776136,0.636250518,0.408839779,Sleep stage R
0.371281675,0.468001954,0.528497409,0.834694452,0.051450465,0.63417669,0.596685083,Sleep stage R
0.338229893,0.513922814,0.571361281,0.775556181,0.085385878,0.639568644,0.425414365,Sleep stage R
0.433345575,0.465559355,0.803108808,0.55026753,0.058565955,0.637494815,0.519337017,Sleep stage R
0.391479985,0.439667807,0.697126707,0.400732188,0.079365079,0.631273331,0.591160221,Sleep stage R
0.395519647,0.490473864,0.623645784,0.34609969,0.118773946,0.628784737,0.513812155,Sleep stage R
0.355123026,0.450415242,0.554404145,0.693325824,0.083743842,0.635006221,0.44198895,Sleep stage R
0.323540213,0.514899853,0.610927932,0.340185863,0.093048714,0.62754044,0.392265193,Sleep stage R
0.415717958,0.439179287,0.63447951,0.606871304,0.062397373,0.639568644,0.453038674,Sleep stage R
0.395519647,0.479726429,0.523316062,0.319628274,0.072796935,0.631273331,0.309392265,Sleep stage R
0.346309218,0.488031265,0.545925577,0.63672205,0.089217296,0.642472003,0.61878453,Sleep stage R
0.369812707,0.489008305,0.588318417,0.722894959,0.072249589,0.642472003,0.447513812,Sleep stage R
0.408373118,0.463605276,0.592557701,0.334835258,0.074986316,0.637909581,0.270718232,Sleep stage R
0.414983474,0.449438202,0.536033914,0.576175725,0.053639847,0.628784737,0.690607735,Sleep stage R
0.459419758,0.450903762,0.53179463,0.634469164,0.053639847,0.62754044,0.569060773,Sleep stage R
0.369812707,0.463605276,0.541686293,0.702618981,0.091954023,0.639983409,0.651933702,Sleep stage R
0.331986779,0.446995603,0.516250589,0.712475359,0.098522167,0.632932393,0.44198895,Sleep stage R
0.398090342,0.490473864,0.559114461,0.546324979,0.073891626,0.635835753,0.651933702,Sleep stage R
0.355490268,0.520273571,0.524258125,0.309490284,0.099069513,0.638324347,0.403314917,Sleep stage R
0.409474844,0.473864191,0.529910504,0.279357927,0.118226601,0.633347159,0.453038674,Sleep stage R
0.36320235,0.534440645,0.524729157,0.602647142,0.092501368,0.643301535,0.596685083,Sleep stage R
0.325376423,0.526624328,0.528497409,0.32863982,0.09469075,0.638739112,0.502762431,Sleep stage R
0.379728241,0.484123107,0.54074423,0.270346381,0.084838533,0.641227706,0.425414365,Sleep stage R
0.392581711,0.531998046,0.553462082,0.81329203,0.062397373,0.639568644,0.458563536,Sleep stage R
0.389643775,0.420615535,0.534149788,0.234581808,0.07334428,0.634591456,0.585635359,Sleep stage R
0.372750643,0.511968735,0.547809703,0.353984793,0.083196497,0.639153878,0.491712707,Sleep stage R
0.36320235,0.474841231,0.553933114,0.565756125,0.051450465,0.640398175,0.475138122,Sleep stage R
0.394050679,0.47777235,0.544041451,0.709940862,0.04378763,0.63708005,0.475138122,Sleep stage R
0.367609254,0.488519785,0.548751766,0.467473951,0.068418172,0.635835753,0.591160221,Sleep stage R
0.342269556,0.492427943,0.551106924,0.35989862,0.058565955,0.639153878,0.546961326,Sleep stage R
0.383400661,0.445041524,0.55299105,0.551675584,0.089764641,0.626296143,0.491712707,Sleep stage R
0.381564451,0.460674157,0.547338672,0.309490284,0.105090312,0.641227706,0.629834254,Sleep stage R
0.360264414,0.543234001,0.541215261,0.846240496,0.086480569,0.638739112,0.569060773,Sleep stage R
0.356591994,0.533463605,0.550164861,0.712193748,0.055829228,0.633761925,0.624309392,Sleep stage R
0.400661036,0.471910112,0.554404145,0.267811884,0.039408867,0.634591456,0.392265193,Sleep stage R
0.36503856,0.492427943,0.554404145,0.779217122,0.081007115,0.644960597,0.287292818,Sleep stage R
0.384502387,0.45481192,0.590673575,0.329766263,0.140120416,0.633347159,0.497237569,Sleep stage R
0.367242012,0.520762091,0.589731512,0.425795551,0.108374384,0.62754044,0.519337017,Sleep stage R
0.344105766,0.469956033,0.550164861,0.434525486,0.072249589,0.640812941,0.61878453,Sleep stage R
0.359162688,0.513434294,0.56806406,0.807096593,0.070060208,0.639983409,0.502762431,Sleep stage R
0.387807565,0.453346361,0.563824776,0.666572796,0.053092501,0.644131066,0.535911602,Sleep stage R
0.358795446,0.489985344,0.54074423,0.254294565,0.119868637,0.637909581,0.419889503,Sleep stage R
0.374954095,0.463605276,0.55581724,0.275133765,0.089217296,0.645790129,0.348066298,Sleep stage R
0.331252295,0.492916463,0.553462082,0.756688257,0.037219485,0.64661966,0.436464088,Sleep stage R
0.481454278,0.444553004,0.464908149,0.57448606,0.047619048,0.638324347,0.497237569,Sleep stage R
0.29746603,0.518319492,0.582666039,0.725147846,0.095785441,0.638739112,0.370165746,Sleep stage R
0.276900477,0.508060576,0.55299105,0.722613348,0.089217296,0.636665284,0.254143646,Sleep stage R
0.307014322,0.520273571,0.419689119,0.763446916,0.11001642,0.644131066,0.61878453,Sleep stage R
0.336026441,0.474841231,0.609985869,0.731343284,0.05801861,0.636250518,0.64640884,Sleep stage R
0.336393683,0.461162677,0.508714084,0.825119685,0.042692939,0.635006221,0.508287293,Sleep stage R
0.402864488,0.503175379,0.584550165,0.770487187,0.108374384,0.626710908,0.502762431,Sleep stage R
0.377524789,0.479237909,0.555346208,0.199662067,0.106732348,0.635835753,0.46961326,Sleep stage R
0.283143592,0.617977528,0.601507301,0.715009856,0.944170772,0.648693488,0.502762431,Sleep stage R
0.373485127,0.403517342,0.432406971,0.039425514,0.933223864,0.648693488,0.342541436,Sleep stage R
0.408373118,0.465559355,0.533678756,0.79245283,0.123152709,0.635006221,0.35359116,Sleep stage R
0.383400661,0.47777235,0.569477155,0.110391439,0.103448276,0.632102862,0.287292818,Sleep stage R
0.375321337,0.497801661,0.540273198,0.855815263,0.595511768,0.641227706,0.287292818,Sleep stage R
0.400661036,0.486077186,0.572774376,0.394255139,0.106732348,0.64661966,0.342541436,Sleep stage R
0.373117885,0.498778701,0.52567122,0.803435652,0.084838533,0.639153878,0.502762431,Sleep stage R
0.369445465,0.483634587,0.538860104,0.699521262,0.159277504,0.638324347,0.436464088,Sleep stage R
0.396621373,0.45383488,0.554404145,0.188960856,0.071154899,0.637494815,0.38121547,Sleep stage R
0.366140286,0.527601368,0.553933114,0.780625176,0.092501368,0.639568644,0.348066298,Sleep stage R
0.442526625,0.401074744,0.521431936,0.226415094,0.105090312,0.632102862,0.585635359,Sleep stage R
0.372750643,0.474352711,0.543570419,0.260490003,0.093596059,0.633761925,0.513812155,Sleep stage R
0.374954095,0.450415242,0.542628356,0.625176007,0.063492063,0.642886769,0.298342541,Sleep stage R
0.376055821,0.52173913,0.563824776,0.766544635,0.072796935,0.638324347,0.475138122,Sleep stage R
0.396254131,0.497801661,0.524729157,0.718952408,0.065681445,0.633761925,0.325966851,Sleep stage R
0.377524789,0.502686859,0.518605747,0.20416784,0.079912425,0.629199502,0.480662983,Sleep stage R
0.359897172,0.484123107,0.539331135,0.473669389,0.050355774,0.639153878,0.397790055,Sleep stage R
0.376055821,0.534440645,0.544041451,0.788228668,0.100711549,0.630029034,0.740331492,Sleep stage R
0.376055821,0.486077186,0.558643429,0.258518727,0.112205802,0.625881377,0.602209945,Sleep stage R
0.407638634,0.486077186,0.575600565,0.312869614,0.088669951,0.645790129,0.508287293,Sleep stage R
0.392948953,0.483634587,0.47432878,0.773584906,0.060755337,0.647863957,0.541436464,Sleep stage R
0.389643775,0.486077186,0.545925577,0.422416221,0.094143404,0.630029034,0.38121547,Sleep stage R
0.382666177,0.536883244,0.553462082,0.482680935,0.068418172,0.6437163,0.491712707,Sleep stage R
0.409107602,0.495359062,0.530852567,0.309208674,0.097974822,0.629614268,0.414364641,Sleep stage R
0.392214469,0.515388373,0.549222798,0.835539285,0.016420361,0.640398175,0.464088398,Sleep stage R
0.35769372,0.471421593,0.53462082,0.213460997,0.096332786,0.645790129,0.607734807,Sleep stage R
0.429305913,0.449926722,0.547809703,0.61926218,0.079912425,0.631688096,0.624309392,Sleep stage R
0.407638634,0.406936981,0.559114461,0.378484934,0.1242474,0.64661966,0.61878453,Sleep stage R
0.34116783,0.493893503,0.523316062,0.767671079,0.083196497,0.639153878,0.596685083,Sleep stage R
0.344105766,0.52173913,0.535091851,0.275696987,0.941434045,0.631273331,0.712707182,Sleep stage R
0.390378259,0.475329751,0.543570419,0.205294283,0.126436782,0.635835753,0.662983425,Sleep stage R
0.42159383,0.479237909,0.544983514,0.143339904,0.076628352,0.64661966,0.486187845,Sleep stage R
0.420124862,0.43136297,0.549222798,0.533370881,0.048166393,0.640398175,0.55801105,Sleep stage R
0.400661036,0.437225208,0.545454545,0.812165587,0.01423098,0.634591456,0.629834254,Sleep stage R
0.349981638,0.513434294,0.544983514,0.222754154,0.095238095,0.630858565,0.624309392,Sleep stage R
0.36687477,0.485100147,0.543570419,0.358772177,0.068418172,0.635835753,0.685082873,Sleep stage R
0.403966214,0.502198339,0.534149788,0.718389186,0.07334428,0.638739112,0.574585635,Sleep stage R
0.373852369,0.457254519,0.599152143,0.796113771,0.091954023,0.641642472,0.480662983,Sleep stage R
0.400293794,0.496336102,0.547338672,0.71275697,0.062397373,0.647863957,0.524861878,Sleep stage R
0.373485127,0.494870542,0.573716439,0.665727964,0.069512863,0.639568644,0.458563536,Sleep stage R
0.386338597,0.480703468,0.56194065,0.594762039,0.054187192,0.641227706,0.408839779,Sleep stage R
0.397355858,0.504640938,0.566179934,0.811039144,0.071702244,0.647863957,0.569060773,Sleep stage R
0.352919574,0.456277479,0.585021196,0.781470008,0.061302682,0.644545832,0.524861878,Sleep stage R
0.374954095,0.498290181,0.550164861,0.414249507,0.152162014,0.633347159,0.436464088,Sleep stage R
0.394785163,0.446507084,0.537447009,0.455646297,0.084291188,0.642886769,0.386740331,Sleep stage R
0.305178112,0.404005862,0.578426755,0.620951845,0.089764641,0.633347159,0.513812155,Sleep stage R
0.407271392,0.485588666,0.437117287,0.453111799,0.08757526,0.640812941,0.453038674,Sleep stage R
0.34851267,0.449438202,0.563824776,0.287806252,0.059660646,0.632517628,0.386740331,Sleep stage R
0.419390378,0.441621886,0.530381536,0.562376795,0.065681445,0.635420987,0.475138122,Sleep stage R
0.378626515,0.484611627,0.586434291,0.378203323,0.930487137,0.632932393,0.44198895,Sleep stage R
0.386705839,0.45530044,0.605275553,0.704590256,0.052545156,0.637494815,0.546961326,Sleep stage R
0.41241278,0.493893503,0.523316062,0.189242467,0.08757526,0.630443799,0.552486188,Sleep stage R
0.360631656,0.487054226,0.595854922,0.691072937,0.054734537,0.652011613,0.55801105,Sleep stage R
0.406536908,0.47777235,0.56806406,0.196564348,0.060755337,0.642472003,0.607734807,Sleep stage R
0.367609254,0.515388373,0.538389072,0.916643199,0.074986316,0.660721692,0.624309392,Sleep stage R
0.362467866,0.497313141,0.532736693,0.146156012,0.118773946,0.65615927,0.414364641,Sleep stage R
0.405802424,0.475818271,0.550164861,0.815544917,0.11001642,0.648693488,0.574585635,Sleep stage R
0.349981638,0.529555447,0.56194065,0.363841172,0.072796935,0.654500207,0.535911602,Sleep stage R
0.387807565,0.459208598,0.564295808,0.39453675,0.093596059,0.638324347,0.447513812,Sleep stage R
0.362467866,0.468978994,0.533678756,0.585468882,0.056376574,0.65325591,0.44198895,Sleep stage R
0.366507528,0.50024426,0.547809703,0.598141369,0.039956212,0.640812941,0.348066298,Sleep stage R
0.392581711,0.469467513,0.554875177,0.237679527,0.084291188,0.65615927,0.430939227,Sleep stage R
0.378993757,0.467024915,0.554404145,0.851872712,0.054734537,0.657818333,0.519337017,Sleep stage R
0.380462725,0.501221299,0.547809703,0.707969586,0.052545156,0.654085442,0.524861878,Sleep stage R
0.344473008,0.537371764,0.54074423,0.157420445,0.147235906,0.647034426,0.546961326,Sleep stage R
0.377892031,0.481680508,0.547809703,0.24556463,0.06622879,0.644960597,0.436464088,Sleep stage R
0.376055821,0.510991695,0.561469618,0.573922839,0.102353585,0.648693488,0.464088398,Sleep stage R
0.363936834,0.482657548,0.558643429,0.740918051,0.049808429,0.648278723,0.602209945,Sleep stage R
0.377892031,0.489496825,0.565237871,0.166431991,0.072796935,0.645375363,0.585635359,Sleep stage R
0.381931693,0.465070835,0.548280735,0.577583779,0.055829228,0.659477395,0.574585635,Sleep stage R
0.364671318,0.511480215,0.543099388,0.856941707,0.123700055,0.654085442,0.38121547,Sleep stage R
0.340066104,0.472887152,0.556288271,0.175443537,0.18226601,0.654914973,0.591160221,Sleep stage R
0.378259273,0.493404983,0.548280735,0.92396508,0.10892173,0.648693488,0.419889503,Sleep stage R
0.367976497,0.503175379,0.545925577,0.16615038,0.090311987,0.652426379,0.342541436,Sleep stage R
0.390745501,0.480703468,0.535091851,0.558997466,0.057471264,0.659477395,0.419889503,Sleep stage R
0.35585751,0.489496825,0.556759303,0.708814418,0.07334428,0.656988801,0.491712707,Sleep stage R
0.514506059,0.516365413,0.448893076,0.568009012,0.307608101,0.65325591,0.635359116,Sleep stage R
0.372383401,0.456277479,0.554404145,0.671641791,0.122605364,0.650352551,0.491712707,Sleep stage R
0.373852369,0.422081094,0.602449364,0.44297381,0.095785441,0.647863957,0.475138122,Sleep stage R
0.402864488,0.473864191,0.564295808,0.241340467,0.899288451,0.649523019,0.281767956,Sleep stage R
0.346309218,0.514899853,0.544983514,0.820332301,0.051450465,0.65906263,0.35359116,Sleep stage R
0.369445465,0.487054226,0.55299105,0.657842861,0.078817734,0.650352551,0.298342541,Sleep stage R
0.362467866,0.505129458,0.554404145,0.150661785,0.074986316,0.642886769,0.46961326,Sleep stage R
0.371281675,0.489985344,0.561469618,0.793016052,0.058565955,0.65325591,0.232044199,Sleep stage R
0.358060962,0.598436737,0.545454545,0.286398198,0.051997811,0.640398175,0.419889503,Sleep stage R
0.370179949,0.527601368,0.552048987,0.40495635,0.05801861,0.652011613,0.414364641,Sleep stage R
0.347778186,0.496824621,0.54074423,0.898338496,0.068965517,0.657403567,0.519337017,Sleep stage R
0.376055821,0.489496825,0.556288271,0.874964799,0.088669951,0.649523019,0.563535912,Sleep stage R
0.391112743,0.467513434,0.567593029,0.492818924,0.067323481,0.650352551,0.320441989,Sleep stage R
0.36136614,0.497313141,0.56194065,0.464376232,0.10290093,0.659477395,0.541436464,Sleep stage R
0.402130004,0.489496825,0.56194065,0.39791608,0.056376574,0.649523019,0.425414365,Sleep stage R
0.324641939,0.479726429,0.562411682,0.178259645,0.072249589,0.649937785,0.535911602,Sleep stage R
0.362835108,0.464093796,0.589731512,0.419036891,0.055281883,0.644131066,0.607734807,Sleep stage R
0.437017995,0.446995603,0.487517664,0.652210645,0.067870826,0.644545832,0.55801105,Sleep stage R
0.41792141,0.461162677,0.547809703,0.594762039,0.089217296,0.65615927,0.640883978,Sleep stage R
0.36320235,0.466047875,0.507772021,0.677274007,0.088669951,0.653670676,0.480662983,Sleep stage R
0.3540213,0.526624328,0.56806406,0.164460715,0.073891626,0.647863957,0.574585635,Sleep stage R
0.36503856,0.503663898,0.547809703,0.252886511,0.087027915,0.663625052,0.497237569,Sleep stage R
0.391847227,0.427943332,0.553462082,0.738101943,0.106185003,0.654500207,0.580110497,Sleep stage R
0.370914433,0.536394724,0.537918041,0.315685722,0.077175698,0.651596848,0.585635359,Sleep stage R
0.359897172,0.550561798,0.524729157,0.428330048,0.223316913,0.658647864,0.480662983,Sleep stage R
0.451707675,0.47728383,0.534149788,0.807096593,0.075533662,0.648278723,0.392265193,Sleep stage R
0.431142123,0.465559355,0.558643429,0.125598423,0.07334428,0.641642472,0.486187845,Sleep stage R
0.430407639,0.474352711,0.515779557,0.639256547,0.054734537,0.652841145,0.502762431,Sleep stage R
0.42159383,0.451392281,0.545454545,0.700084483,0.077723043,0.6437163,0.55801105,Sleep stage R
0.405435182,0.450903762,0.497880358,0.151506618,0.136288998,0.65325591,0.55801105,Sleep stage R
0.377892031,0.475818271,0.56194065,0.852154323,0.046524357,0.655329739,0.563535912,Sleep stage R
0.405435182,0.439667807,0.547338672,0.134328358,0.096880131,0.642472003,0.723756906,Sleep stage R
0.350716122,0.496824621,0.532265662,0.97240214,0.061850027,0.653670676,0.480662983,Sleep stage R
0.36503856,0.497801661,0.555346208,0.133483526,0.062397373,0.647449191,0.453038674,Sleep stage R
0.392214469,0.465070835,0.534149788,0.831878344,0.068418172,0.656988801,0.535911602,Sleep stage R
0.398090342,0.449438202,0.542157325,0.21120811,0.429666119,0.644960597,0.524861878,Sleep stage R
0.360631656,0.494382022,0.554404145,0.930442129,0.141762452,0.638324347,0.563535912,Sleep stage R
0.381197209,0.508549096,0.554875177,0.196001126,0.071154899,0.643301535,0.519337017,Sleep stage R
0.386705839,0.491450904,0.55581724,0.825401295,0.047619048,0.636665284,0.535911602,Sleep stage R
0.350716122,0.52222765,0.543570419,0.320473106,0.056376574,0.645375363,0.408839779,Sleep stage R
0.383033419,0.450903762,0.545925577,0.65756125,0.079365079,0.639568644,0.430939227,Sleep stage R
0.35769372,0.508060576,0.549222798,0.343565193,0.067323481,0.648693488,0.524861878,Sleep stage R
0.364304076,0.480214949,0.574658502,0.829343847,0.068418172,0.647034426,0.491712707,Sleep stage R
0.394417921,0.471910112,0.527084315,0.285553365,0.092501368,0.647449191,0.563535912,Sleep stage R
0.423062798,0.482657548,0.557230334,0.185018305,0.05801861,0.657403567,0.403314917,Sleep stage R
0.369078223,0.492427943,0.550635893,0.587158547,0.049261084,0.65615927,0.314917127,Sleep stage R
0.338597136,0.506595017,0.585492228,0.802027598,0.044882321,0.650352551,0.298342541,Sleep stage R
0.367976497,0.467513434,0.603862459,0.369473388,0.095238095,0.644131066,0.541436464,Sleep stage R
0.390745501,0.510503175,0.526613283,0.165305548,0.08045977,0.65325591,0.486187845,Sleep stage R
0.322438487,0.542256961,0.549222798,0.255702619,0.086480569,0.649108254,0.491712707,Sleep stage R
0.350716122,0.52369321,0.563353745,0.709940862,0.061850027,0.654914973,0.563535912,Sleep stage R
0.391479985,0.512945774,0.480923222,0.262742889,0.057471264,0.642886769,0.563535912,Sleep stage R
0.36136614,0.497313141,0.583608102,0.819205858,0.092501368,0.650352551,0.53038674,Sleep stage R
0.366507528,0.494382022,0.545925577,0.146719234,0.071154899,0.64661966,0.61878453,Sleep stage R
0.413147264,0.448949682,0.574658502,0.333145593,0.084291188,0.655744504,0.585635359,Sleep stage R
0.380829967,0.464582316,0.553462082,0.465784286,0.085385878,0.644960597,0.397790055,Sleep stage R
0.35585751,0.526135809,0.375883184,0.632779499,0.938697318,0.662380755,0.29281768,Sleep stage R
0.278369445,0.360039082,0.552520019,0.246409462,0.947454844,0.655329739,0.480662983,Sleep stage R
0.396621373,0.47728383,0.54074423,0.493945368,0.950191571,0.645375363,0.480662983,Sleep stage R
0.343738524,0.538837323,0.528026378,0.28358209,0.129173508,0.643301535,0.508287293,Sleep stage R
0.400661036,0.473864191,0.573245407,0.953534216,0.035577449,0.647034426,0.602209945,Sleep stage R
0.377892031,0.472887152,0.545925577,0.243030132,0.094143404,0.648278723,0.591160221,Sleep stage R
0.356591994,0.483634587,0.563353745,0.810194311,0.052545156,0.639568644,0.591160221,Sleep stage R
0.39955931,0.47679531,0.543099388,0.542945649,0.0591133,0.647449191,0.580110497,Sleep stage R
0.376055821,0.504152418,0.574658502,0.961700929,0.182813355,0.639568644,0.690607735,Sleep stage R
0.360631656,0.486565706,0.539331135,0.146437623,0.094143404,0.648278723,0.53038674,Sleep stage R
0.372016159,0.484611627,0.556759303,0.592509152,0.030651341,0.650352551,0.602209945,Sleep stage R
0.36687477,0.456765999,0.520018841,0.150380175,0.10290093,0.640398175,0.685082873,Sleep stage R
0.372016159,0.482657548,0.554404145,0.86848775,0.027367269,0.645375363,0.513812155,Sleep stage R
0.380095483,0.423058134,0.540273198,0.30104196,0.066776136,0.630858565,0.430939227,Sleep stage R
0.35769372,0.496824621,0.547809703,0.837792171,0.045429666,0.642057238,0.546961326,Sleep stage R
0.385971355,0.466047875,0.547809703,0.173190651,0.08045977,0.642472003,0.585635359,Sleep stage R
0.362100624,0.489496825,0.547338672,0.952970994,0.076628352,0.638324347,0.701657459,Sleep stage R
0.366507528,0.482169028,0.560527555,0.185863137,0.074986316,0.648693488,0.751381215,Sleep stage R
0.372016159,0.452369321,0.559114461,0.517037454,0.061850027,0.643301535,0.464088398,Sleep stage R
0.373117885,0.470933073,0.566650966,0.891016615,0.076628352,0.640812941,0.73480663,Sleep stage R
0.341535072,0.521250611,0.544512482,0.161644607,0.136836344,0.652011613,0.480662983,Sleep stage R
0.364304076,0.505617978,0.555346208,0.857223317,0.088122605,0.648693488,0.46961326,Sleep stage R
0.324274697,0.571568149,0.541215261,0.212052943,0.087027915,0.6437163,0.596685083,Sleep stage R
0.408005876,0.441133366,0.550635893,0.56406646,0.032293377,0.654500207,0.375690608,Sleep stage R
0.41792141,0.498290181,0.549222798,0.24584624,0.070607553,0.632932393,0.453038674,Sleep stage R
0.35769372,0.52369321,0.538860104,0.234300197,0.078817734,0.648693488,0.320441989,Sleep stage R
0.375321337,0.47679531,0.566179934,0.704308645,0.062944718,0.651182082,0.475138122,Sleep stage R
0.377524789,0.479726429,0.530381536,0.832441566,0.060755337,0.6437163,0.453038674,Sleep stage R
0.382298935,0.449926722,0.541686293,0.143903126,0.051997811,0.644545832,0.524861878,Sleep stage R
0.397355858,0.494870542,0.554875177,0.946775556,0.090859332,0.647863957,0.651933702,Sleep stage R
0.438854205,0.401074744,0.554404145,0.203323008,0.059660646,0.640812941,0.629834254,Sleep stage R
0.367609254,0.502686859,0.548280735,0.528020276,0.07334428,0.634591456,0.685082873,Sleep stage R
0.394785163,0.488519785,0.524258125,0.29400169,0.14559387,0.625881377,0.696132597,Sleep stage R
0.3977231,0.510503175,0.514837494,0.126724866,0.054734537,0.641642472,0.596685083,Sleep stage R
0.363569592,0.491939424,0.535091851,0.668544072,0.022988506,0.651596848,0.690607735,Sleep stage R
0.376055821,0.508060576,0.558172398,0.819205858,0.092501368,0.6437163,0.773480663,Sleep stage R
0.361733382,0.504640938,0.541215261,0.288369473,0.079912425,0.635420987,0.546961326,Sleep stage R
0.35585751,0.459697118,0.574187471,0.147000845,0.069512863,0.640398175,0.464088398,Sleep stage R
0.486962909,0.451392281,0.716439001,0.442128978,0.089764641,0.638739112,0.53038674,Sleep stage R
0.384135145,0.458231558,0.56806406,0.662911856,0.062397373,0.649523019,0.585635359,Sleep stage R
0.368343739,0.481191988,0.522373999,0.789918333,0.076628352,0.641227706,0.563535912,Sleep stage R
0.377524789,0.468001954,0.584550165,0.858631371,0.659551177,0.637909581,0.701657459,Sleep stage R
0.368343739,0.492427943,0.537918041,0.797521825,0.08045977,0.6437163,0.563535912,Sleep stage R
0.413147264,0.427943332,0.523316062,0.174317094,0.07334428,0.642057238,0.569060773,Sleep stage R
0.376055821,0.483634587,0.541215261,0.471134892,0.056376574,0.650767316,0.46961326,Sleep stage R
0.402864488,0.479726429,0.583608102,0.899464939,0.062397373,0.655744504,0.701657459,Sleep stage R
0.34851267,0.498778701,0.539802167,0.506054632,0.071702244,0.633347159,0.773480663,Sleep stage R
0.373117885,0.472887152,0.533678756,0.171500986,0.105090312,0.640812941,0.55801105,Sleep stage R
0.36503856,0.520273571,0.57089025,0.524640946,0.052545156,0.644545832,0.674033149,Sleep stage R
0.268453911,0.50073278,0.616109279,0.305829344,0.088122605,0.6437163,0.64640884,Sleep stage R
0.345207492,0.472398632,0.512953368,0.301605182,0.083196497,0.643301535,0.580110497,Sleep stage R
0.374586853,0.492427943,0.571361281,0.449450859,0.049808429,0.648278723,0.44198895,Sleep stage R
0.330885053,0.532486566,0.55581724,0.787947057,0.059660646,0.643301535,0.480662983,Sleep stage R
0.290855674,0.542256961,0.708431465,0.845677274,0.078270389,0.654500207,0.580110497,Sleep stage R
0.343371282,0.496336102,0.510127179,0.73021684,0.027367269,0.644960597,0.563535912,Sleep stage R
0.403966214,0.497313141,0.557701366,0.225288651,0.065681445,0.632932393,0.541436464,Sleep stage R
0.393683437,0.471910112,0.537447009,0.179386088,0.91242474,0.641227706,0.486187845,Sleep stage R
0.366140286,0.456277479,0.565708902,0.944241059,0.11001642,0.642472003,0.552486188,Sleep stage R
0.348879912,0.520762091,0.569948187,0.163615883,0.089217296,0.629614268,0.458563536,Sleep stage R
0.354755784,0.451392281,0.532265662,0.736130667,0.05801861,0.642886769,0.403314917,Sleep stage R
0.370547191,0.487054226,0.553462082,0.683187834,0.082101806,0.633761925,0.497237569,Sleep stage R
0.405802424,0.465559355,0.544512482,0.251760068,0.06622879,0.642057238,0.370165746,Sleep stage R
0.378259273,0.450415242,0.558172398,0.863700366,0.069512863,0.642886769,0.464088398,Sleep stage R
0.394050679,0.470444553,0.565708902,0.495353422,0.200875753,0.636665284,0.696132597,Sleep stage R
0.502754315,0.533952125,0.527084315,0.342157139,0.061302682,0.629614268,0.486187845,Sleep stage R
0.363936834,0.495359062,0.551577956,0.292875246,0.033935413,0.63708005,0.574585635,Sleep stage R
0.360998898,0.513434294,0.541215261,0.941988172,0.944718117,0.636250518,0.535911602,Sleep stage R
0.503856041,0.293111871,0.420631182,0.18670797,0.933223864,0.649523019,0.640883978,Sleep stage R
0.413514506,0.430385931,0.54686764,0.639819769,0.050355774,0.642472003,0.662983425,Sleep stage R
0.399192068,0.448461163,0.559114461,0.517319065,0.085933224,0.654085442,0.723756906,Sleep stage R
0.410943812,0.50073278,0.545925577,0.333708814,0.084838533,0.648693488,0.61878453,Sleep stage R
0.4781491,0.510503175,0.460668865,0.493382146,0.051450465,0.65325591,0.563535912,Sleep stage R
0.368710981,0.515388373,0.525200188,0.340185863,0.157635468,0.646204894,0.569060773,Sleep stage R
0.403966214,0.465070835,0.560998587,0.281047592,0.303229338,0.651182082,0.591160221,Sleep stage R
0.375321337,0.485588666,0.556759303,0.414812729,0.07334428,0.651182082,0.403314917,Sleep stage R
0.412780022,0.441621886,0.545925577,0.706279921,0.047619048,0.657403567,0.430939227,Sleep stage R
0.399926552,0.485100147,0.552048987,0.410870177,0.079912425,0.649108254,0.580110497,Sleep stage R
0.41975762,0.493404983,0.548280735,0.42889327,0.083743842,0.654914973,0.546961326,Sleep stage R
0.372016159,0.488519785,0.548280735,0.674457899,0.064586754,0.65615927,0.425414365,Sleep stage R
0.385971355,0.38739619,0.544983514,0.362996339,0.054187192,0.656574036,0.364640884,Sleep stage R
0.371281675,0.484123107,0.545925577,0.655026753,0.027914614,0.657403567,0.475138122,Sleep stage R
0.404700698,0.443087445,0.548751766,0.412278231,0.061850027,0.652426379,0.480662983,Sleep stage R
0.391112743,0.461651197,0.535562883,0.595888482,0.051997811,0.662795521,0.591160221,Sleep stage R
0.409107602,0.446018564,0.554404145,0.397634469,0.069512863,0.650767316,0.513812155,Sleep stage R
0.399192068,0.444553004,0.556759303,0.548577865,0.079912425,0.648693488,0.508287293,Sleep stage R
0.331252295,0.593063019,0.534149788,0.479019994,0.039408867,0.656988801,0.635359116,Sleep stage R
0.416819684,0.491939424,0.549222798,0.629400169,0.053092501,0.654914973,0.563535912,Sleep stage R
0.396254131,0.475818271,0.550635893,0.430582934,0.084838533,0.651596848,0.513812155,Sleep stage R
0.372750643,0.443087445,0.579368818,0.45339341,0.040503558,0.654914973,0.674033149,Sleep stage R
0.356959236,0.465559355,0.551577956,0.495635032,0.029009305,0.650352551,0.486187845,Sleep stage R
0.384869629,0.471910112,0.552520019,0.571388341,0.06622879,0.654500207,0.464088398,Sleep stage R
0.377157547,0.472398632,0.553933114,0.696705153,0.097974822,0.648278723,0.325966851,Sleep stage R
0.354755784,0.502198339,0.561469618,0.482962546,0.085933224,0.649523019,0.480662983,Sleep stage R
0.382298935,0.510014656,0.545925577,0.30104196,0.093048714,0.650352551,0.475138122,Sleep stage R
0.360264414,0.565705911,0.543099388,0.54322726,0.07334428,0.657818333,0.640883978,Sleep stage R
0.364304076,0.519296532,0.549693829,0.579273444,0.114942529,0.64661966,0.53038674,Sleep stage R
0.35952993,0.438690767,0.542628356,0.300760349,0.083196497,0.649937785,0.508287293,Sleep stage R
0.366140286,0.491450904,0.537447009,0.383553928,0.07334428,0.658647864,0.436464088,Sleep stage R
0.432978333,0.405959941,0.558643429,0.402421853,0.091954023,0.655744504,0.453038674,Sleep stage R
0.36320235,0.509526136,0.538860104,0.423261053,0.105090312,0.658233098,0.546961326,Sleep stage R
0.386338597,0.439179287,0.550635893,0.666291186,0.048166393,0.649523019,0.524861878,Sleep stage R
0.342269556,0.507572057,0.569477155,0.378484934,0.086480569,0.651596848,0.386740331,Sleep stage R
0.387073081,0.451880801,0.557701366,0.654745142,0.149425287,0.652426379,0.552486188,Sleep stage R
0.392214469,0.450415242,0.538389072,0.377640101,0.070060208,0.638739112,0.403314917,Sleep stage R
0.404700698,0.463605276,0.553462082,0.691354548,0.058565955,0.641227706,0.436464088,Sleep stage R
0.394785163,0.486077186,0.552048987,0.39453675,0.060755337,0.643301535,0.298342541,Sleep stage R
0.364304076,0.482169028,0.53462082,0.596733315,0.64258347,0.64661966,0.480662983,Sleep stage R
0.371648917,0.556912555,0.549693829,0.5364686,0.065681445,0.641642472,0.574585635,Sleep stage R
0.388542049,0.504152418,0.538389072,0.365249226,0.065681445,0.647034426,0.397790055,Sleep stage R
0.407638634,0.440156326,0.545925577,0.357364123,0.08045977,0.65325591,0.464088398,Sleep stage R
0.3977231,0.486565706,0.552048987,0.594762039,0.045429666,0.654500207,0.419889503,Sleep stage R
0.386705839,0.488519785,0.548280735,0.65756125,0.101258894,0.651182082,0.497237569,Sleep stage R
0.370179949,0.485588666,0.553933114,0.456209518,0.070607553,0.65325591,0.635359116,Sleep stage R
0.418655894,0.497801661,0.537918041,0.331737539,0.068418172,0.65615927,0.602209945,Sleep stage R
0.362467866,0.489496825,0.539802167,0.656716418,0.037219485,0.654500207,0.61878453,Sleep stage R
0.322805729,0.50073278,0.544041451,0.308645452,0.113847838,0.644131066,0.767955801,Sleep stage R
0.381197209,0.507572057,0.552520019,0.727400732,0.082101806,0.656988801,0.64640884,Sleep stage R
0.358060962,0.461651197,0.545925577,0.737538721,0.061850027,0.656988801,0.53038674,Sleep stage R
0.366140286,0.524181729,0.550164861,0.522669671,0.078270389,0.65615927,0.580110497,Sleep stage R
0.35952993,0.528578407,0.544512482,0.585750493,0.058565955,0.65615927,0.674033149,Sleep stage R
0.348879912,0.494382022,0.532736693,0.561813574,0.042145594,0.657818333,0.425414365,Sleep stage R
0.406169666,0.43234001,0.556759303,0.469445227,0.065681445,0.652426379,0.662983425,Sleep stage R
0.390011017,0.498778701,0.537918041,0.450858913,0.078817734,0.658647864,0.64640884,Sleep stage R
0.367242012,0.513434294,0.536504946,0.627710504,0.072796935,0.652841145,0.773480663,Sleep stage R
0.402130004,0.470444553,0.545925577,0.326105322,0.046524357,0.650767316,0.596685083,Sleep stage R
0.383767903,0.532486566,0.536504946,0.424669107,0.067870826,0.653670676,0.64640884,Sleep stage R
0.325376423,0.54469956,0.545454545,0.684032667,0.042145594,0.658647864,0.674033149,Sleep stage R
0.337862651,0.486077186,0.559114461,0.356800901,0.044882321,0.654914973,0.535911602,Sleep stage R
0.387440323,0.490962384,0.550635893,0.503801746,0.056923919,0.65615927,0.397790055,Sleep stage R
0.382666177,0.478749389,0.547338672,0.707969586,0.08757526,0.65906263,0.574585635,Sleep stage R
0.356959236,0.513922814,0.549222798,0.694170656,0.097427477,0.656574036,0.580110497,Sleep stage R
0.373117885,0.510503175,0.560527555,0.642635877,0.065681445,0.65325591,0.502762431,Sleep stage R
0.358428204,0.497801661,0.550164861,0.345254858,0.074986316,0.652426379,0.651933702,Sleep stage R
0.389276533,0.461162677,0.545454545,0.630526612,0.038861522,0.654914973,0.696132597,Sleep stage R
0.382666177,0.468490474,0.545925577,0.576175725,0.103448276,0.652426379,0.519337017,Sleep stage R
0.380829967,0.501221299,0.545454545,0.367220501,0.064039409,0.661551224,0.502762431,Sleep stage R
0.349614396,0.505617978,0.552520019,0.432835821,0.078817734,0.651182082,0.784530387,Sleep stage R
0.328314359,0.508549096,0.536504946,0.625176007,0.095785441,0.664039818,0.629834254,Sleep stage R
0.375321337,0.466536395,0.56194065,0.623204731,0.077175698,0.654914973,0.596685083,Sleep stage R
0.366507528,0.489008305,0.561469618,0.357364123,0.062397373,0.656988801,0.668508287,Sleep stage R
0.371281675,0.491939424,0.55299105,0.720360462,0.090859332,0.654085442,0.596685083,Sleep stage R
0.388909291,0.525158769,0.543099388,0.303013236,0.17515052,0.644131066,0.674033149,Sleep stage R
0.400293794,0.470933073,0.523316062,0.351731907,0.286261631,0.649108254,0.762430939,Sleep stage R
0.392581711,0.462628236,0.587847386,0.562658406,0.067870826,0.655744504,0.569060773,Sleep stage R
0.368343739,0.482169028,0.560998587,0.673613067,0.065681445,0.650767316,0.53038674,Sleep stage R
0.366140286,0.422081094,0.605275553,0.34243875,0.078270389,0.654085442,0.580110497,Sleep stage R
0.419390378,0.464582316,0.503532737,0.399605745,0.059660646,0.65325591,0.419889503,Sleep stage R
0.419390378,0.482169028,0.565708902,0.61926218,0.05801861,0.659477395,0.397790055,Sleep stage R
0.372750643,0.472887152,0.552520019,0.632216277,0.045429666,0.654085442,0.44198895,Sleep stage R
0.36320235,0.5456766,0.557701366,0.452548578,0.076081007,0.656988801,0.38121547,Sleep stage R
0.379728241,0.465559355,0.610456901,0.437059983,0.059660646,0.651182082,0.375690608,Sleep stage R
0.29379361,0.473375672,0.565237871,0.505491411,0.111111111,0.655329739,0.475138122,Sleep stage R
0.39955931,0.456277479,0.562411682,0.746550268,0.075533662,0.652841145,0.453038674,Sleep stage R
0.352552332,0.43136297,0.547809703,0.654181921,0.374384236,0.654500207,0.541436464,Sleep stage R
0.358060962,0.496336102,0.559114461,0.293156857,0.419813903,0.64661966,0.55801105,Sleep stage R
0.348879912,0.54518808,0.547809703,0.393128696,0.070607553,0.659892161,0.408839779,Sleep stage R
0.387440323,0.447484123,0.523787094,0.736693889,0.053639847,0.657818333,0.585635359,Sleep stage R
0.327947117,0.548607719,0.566179934,0.583215995,0.043240285,0.660721692,0.513812155,Sleep stage R
0.342636798,0.497801661,0.551106924,0.35989862,0.068418172,0.65325591,0.61878453,Sleep stage R
0.482556004,0.382999511,0.573716439,0.535623768,0.085385878,0.654500207,0.629834254,Sleep stage R
0.387440323,0.498290181,0.549222798,0.618135736,0.034482759,0.651596848,0.524861878,Sleep stage R
0.387073081,0.471910112,0.533207725,0.298507463,0.057471264,0.655744504,0.591160221,Sleep stage R
0.410209328,0.404982902,0.574187471,0.624894396,0.068965517,0.656988801,0.563535912,Sleep stage R
0.386338597,0.45383488,0.551106924,0.39791608,0.074986316,0.651596848,0.519337017,Sleep stage R
0.358060962,0.511480215,0.545454545,0.518163897,0.050355774,0.65906263,0.419889503,Sleep stage R
0.378626515,0.488519785,0.558172398,0.401577021,0.082649152,0.650767316,0.591160221,Sleep stage R
0.42526625,0.459697118,0.550635893,0.535342157,0.068418172,0.663210286,0.491712707,Sleep stage R
0.383033419,0.428431851,0.558172398,0.477893551,0.101258894,0.65615927,0.508287293,Sleep stage R
0.283510834,0.629213483,0.545925577,0.350605463,0.158182813,0.656988801,0.508287293,Sleep stage R
0.382666177,0.440644846,0.565708902,0.741481273,0.079365079,0.662380755,0.624309392,Sleep stage R
0.380095483,0.459208598,0.496938295,0.356800901,0.08757526,0.659892161,0.563535912,Sleep stage R
0.345207492,0.505617978,0.554875177,0.638130104,0.084838533,0.653670676,0.574585635,Sleep stage R
0.414983474,0.450415242,0.547809703,0.307519009,0.046524357,0.664039818,0.729281768,Sleep stage R
0.311788469,0.507572057,0.56806406,0.687411997,0.088669951,0.661551224,0.751381215,Sleep stage R
0.368343739,0.498290181,0.545925577,0.297944241,0.039408867,0.657818333,0.55801105,Sleep stage R
0.374219611,0.473864191,0.551106924,0.399605745,0.088669951,0.659892161,0.651933702,Sleep stage R
0.356591994,0.493404983,0.544983514,0.579273444,0.078270389,0.655744504,0.524861878,Sleep stage R
0.370179949,0.494870542,0.557230334,0.495353422,0.344280241,0.658233098,0.464088398,Sleep stage R
0.372383401,0.507083537,0.560527555,0.632779499,0.100711549,0.660721692,0.508287293,Sleep stage R
0.367609254,0.461162677,0.551577956,0.338214587,0.099616858,0.658647864,0.541436464,Sleep stage R
0.374219611,0.486077186,0.536975977,0.518445508,0.058565955,0.65906263,0.591160221,Sleep stage R
0.378259273,0.49926722,0.54074423,0.324978879,0.244116037,0.659477395,0.508287293,Sleep stage R
0.354388542,0.491450904,0.556288271,0.417065615,0.110563766,0.656988801,0.580110497,Sleep stage R
0.446933529,0.40840254,0.550164861,0.364686004,0.041598248,0.670676068,0.508287293,Sleep stage R
0.409107602,0.43185149,0.53179463,0.592227542,0.08045977,0.659892161,0.563535912,Sleep stage R
0.331986779,0.557889595,0.53179463,0.579273444,0.090859332,0.651182082,0.613259669,Sleep stage R
0.318031583,0.54469956,0.566650966,0.286116587,0.941434045,0.669846537,0.464088398,Sleep stage R
0.247888358,0.74938935,0.537447009,0.652773867,0.926108374,0.663210286,0.447513812,Sleep stage R
0.450973191,0.392281387,0.536504946,0.970430865,0.054187192,0.669846537,0.624309392,Sleep stage R
0.395152405,0.43185149,0.541686293,0.078287806,0.125342091,0.673164662,0.392265193,Sleep stage R
0.399192068,0.407425501,0.543099388,0.96536187,0.081007115,0.671090834,0.519337017,Sleep stage R
0.498714653,0.403517342,0.538860104,0.857223317,0.116037219,0.658647864,0.585635359,Sleep stage R
0.397355858,0.448949682,0.560527555,0.127288088,0.0651341,0.664454583,0.607734807,Sleep stage R
0.390011017,0.480703468,0.558643429,0.115178823,0.082649152,0.669017005,0.574585635,Sleep stage R
0.392581711,0.485100147,0.525200188,0.934666291,0.01532567,0.677727084,0.447513812,Sleep stage R
0.40139552,0.498778701,0.526142252,0.10391439,0.059660646,0.664454583,0.596685083,Sleep stage R
0.336026441,0.544211041,0.553462082,0.968177978,0.062397373,0.676482787,0.591160221,Sleep stage R
0.385236871,0.538348803,0.544041451,0.288369473,0.065681445,0.664869349,0.690607735,Sleep stage R
0.422695556,0.400586224,0.514837494,0.148408899,0.109469075,0.67523849,0.53038674,Sleep stage R
0.381197209,0.468001954,0.614696185,0.480146438,0.039956212,0.671505599,0.696132597,Sleep stage R
0.450238707,0.483146067,0.504003768,0.339904252,0.060755337,0.661551224,0.662983425,Sleep stage R
0.493206023,0.43136297,0.412152614,0.305829344,0.064039409,0.648693488,0.480662983,Sleep stage R
0.364304076,0.468001954,0.564766839,0.471698113,0.050355774,0.657403567,0.502762431,Sleep stage R
0.387807565,0.464582316,0.532736693,0.318783441,0.105637657,0.654914973,0.602209945,Sleep stage R
0.369445465,0.482657548,0.554875177,0.208110391,0.086480569,0.655744504,0.61878453,Sleep stage R
0.372750643,0.485588666,0.556288271,0.137144466,0.084838533,0.666113646,0.596685083,Sleep stage R
0.412045538,0.459208598,0.580310881,0.205857505,0.085385878,0.666113646,0.419889503,Sleep stage R
0.426367976,0.436736688,0.593499764,0.163334272,0.078817734,0.652011613,0.541436464,Sleep stage R
0.349981638,0.483146067,0.563824776,0.094902844,0.082649152,0.669431771,0.314917127,Sleep stage R
0.389643775,0.492427943,0.513424399,0.484088989,0.062397373,0.673994193,0.46961326,Sleep stage R
0.385236871,0.456277479,0.611869995,0.321599549,0.082649152,0.671920365,0.64640884,Sleep stage R
0.404700698,0.481680508,0.516250589,0.244156576,0.081554461,0.657818333,0.541436464,Sleep stage R
0.372750643,0.47777235,0.555346208,0.096592509,0.090311987,0.665284114,0.480662983,Sleep stage R
0.343738524,0.539814362,0.515779557,0.391439031,0.083743842,0.678971381,0.535911602,Sleep stage R
0.442159383,0.446018564,0.588318417,0.649957758,0.042145594,0.671090834,0.569060773,Sleep stage R
0.376055821,0.459697118,0.547809703,0.118276542,0.076081007,0.665284114,0.519337017,Sleep stage R
0.397355858,0.452369321,0.545925577,0.802027598,0.03667214,0.676068022,0.569060773,Sleep stage R
0.338229893,0.521250611,0.563353745,0.350887074,0.071154899,0.661136458,0.585635359,Sleep stage R
0.41241278,0.465559355,0.576071597,0.161362996,0.107279693,0.660306927,0.624309392,Sleep stage R
0.370179949,0.480703468,0.553933114,0.354548015,0.042145594,0.671090834,0.524861878,Sleep stage R
0.363936834,0.479726429,0.528497409,0.802309209,0.099069513,0.665284114,0.613259669,Sleep stage R
0.392948953,0.484611627,0.539331135,0.907350042,0.107827039,0.666943177,0.723756906,Sleep stage R
0.355123026,0.520762091,0.560527555,0.147564066,0.107827039,0.665284114,0.613259669,Sleep stage R
0.387807565,0.550073278,0.473857748,0.214305829,0.092501368,0.662795521,0.690607735,Sleep stage R
0.397355858,0.494382022,0.536975977,0.880597015,0.0591133,0.673994193,0.602209945,Sleep stage R
0.331986779,0.482169028,0.503532737,0.582089552,0.044334975,0.660306927,0.546961326,Sleep stage R
0.408373118,0.472887152,0.563353745,0.164460715,0.120963328,0.661965989,0.740331492,Sleep stage R
0.371281675,0.493893503,0.588318417,0.460996902,0.10290093,0.661965989,0.596685083,Sleep stage R
0.375688579,0.486565706,0.522373999,0.135173191,0.133552271,0.671505599,0.624309392,Sleep stage R
0.388542049,0.481680508,0.544983514,0.625176007,0.071154899,0.670261302,0.751381215,Sleep stage R
0.375688579,0.45481192,0.547338672,0.900028161,0.067323481,0.671505599,0.552486188,Sleep stage R
0.374219611,0.487054226,0.564766839,0.132357083,0.055281883,0.674823725,0.541436464,Sleep stage R
0.374586853,0.532486566,0.558172398,0.864263588,0.273125342,0.666113646,0.425414365,Sleep stage R
0.410943812,0.447972643,0.55299105,0.198254013,0.097974822,0.664039818,0.46961326,Sleep stage R
0.381197209,0.517830972,0.610456901,0.251760068,0.091406678,0.660306927,0.502762431,Sleep stage R
0.378626515,0.457743039,0.523787094,0.300760349,0.05090312,0.664454583,0.596685083,Sleep stage R
0.400293794,0.43136297,0.582666039,0.520980006,0.098522167,0.656574036,0.602209945,Sleep stage R
0.382666177,0.483146067,0.593970796,0.390030977,0.062944718,0.664454583,0.64640884,Sleep stage R
0.376055821,0.502198339,0.556288271,0.446071529,0.081554461,0.664869349,0.756906077,Sleep stage R
0.36687477,0.510014656,0.560527555,0.877217685,0.059660646,0.663625052,0.685082873,Sleep stage R
0.432611091,0.453346361,0.639189826,0.5052098,0.083743842,0.662795521,0.552486188,Sleep stage R
0.412045538,0.447484123,0.539802167,0.377640101,0.077723043,0.671505599,0.563535912,Sleep stage R
0.406536908,0.486565706,0.54074423,0.912982259,0.05801861,0.666528411,0.718232044,Sleep stage R
0.374954095,0.442598925,0.608101743,0.183610251,0.074438971,0.653670676,0.674033149,Sleep stage R
0.40323173,0.391792868,0.545925577,0.604055196,0.114395183,0.66860224,0.524861878,Sleep stage R
0.371648917,0.470444553,0.556759303,0.315685722,0.070607553,0.656574036,0.723756906,Sleep stage R
0.356591994,0.498778701,0.523787094,0.353984793,0.055281883,0.664454583,0.629834254,Sleep stage R
0.35585751,0.482169028,0.533678756,0.78541256,0.056923919,0.660721692,0.55801105,Sleep stage R
0.358060962,0.487542745,0.545925577,0.155167558,0.071154899,0.664454583,0.591160221,Sleep stage R
0.415717958,0.451880801,0.423928403,0.238242749,0.070607553,0.653670676,0.679558011,Sleep stage R
0.387807565,0.473375672,0.562411682,0.705435089,0.120415982,0.654085442,0.591160221,Sleep stage R
0.375688579,0.489985344,0.46537918,0.497606308,0.056376574,0.657818333,0.502762431,Sleep stage R
0.404700698,0.449926722,0.542157325,0.848211771,0.044334975,0.661965989,0.563535912,Sleep stage R
0.389276533,0.47777235,0.593970796,0.879188961,0.064586754,0.65906263,0.414364641,Sleep stage R
0.378259273,0.49975574,0.528497409,0.741199662,0.074438971,0.657403567,0.546961326,Sleep stage R
0.344105766,0.52369321,0.365991521,0.659814137,0.081554461,0.660306927,0.480662983,Sleep stage R
0.377892031,0.56765999,0.477154969,0.82343002,0.096880131,0.669846537,0.53038674,Sleep stage R
0.407271392,0.483634587,0.647197362,0.898901718,0.059660646,0.669431771,0.546961326,Sleep stage R
0.380462725,0.443087445,0.566179934,0.902562658,0.073891626,0.66569888,0.447513812,Sleep stage R
0.372016159,0.49926722,0.473386717,0.350323852,0.140120416,0.66569888,0.629834254,Sleep stage R
0.399926552,0.471910112,0.515779557,0.244438186,0.097427477,0.657818333,0.55801105,Sleep stage R
0.388542049,0.503663898,0.587376354,0.467473951,0.078817734,0.65906263,0.64640884,Sleep stage R
0.392581711,0.459697118,0.544041451,0.714165024,0.10290093,0.662795521,0.535911602,Sleep stage R
0.401028278,0.443575965,0.672633066,0.258237116,0.090311987,0.655329739,0.751381215,Sleep stage R
0.413514506,0.508060576,0.556288271,0.823993241,0.806787083,0.657403567,0.712707182,Sleep stage R
0.329783327,0.530532487,0.45925577,0.7890735,0.114942529,0.665284114,0.651933702,Sleep stage R
0.414616232,0.510503175,0.523316062,0.818642636,0.081554461,0.661136458,0.773480663,Sleep stage R
0.400293794,0.509526136,0.481394253,0.08307519,0.181718664,0.654085442,0.784530387,Sleep stage R
0.396988615,0.483634587,0.565237871,0.13827091,0.109469075,0.658233098,0.602209945,Sleep stage R
0.431876607,0.414264778,0.545454545,0.981132075,0.056376574,0.664869349,0.640883978,Sleep stage R
0.387073081,0.4543234,0.559114461,0.187552802,0.272030651,0.656988801,0.519337017,Sleep stage R
0.402497246,0.444553004,0.556288271,0.355392847,0.112753147,0.665284114,0.607734807,Sleep stage R
0.364304076,0.517342452,0.55581724,0.681216559,0.082101806,0.664454583,0.718232044,Sleep stage R
0.324641939,0.506595017,0.682524729,0.502956914,0.099069513,0.656574036,0.535911602,Sleep stage R
0.329783327,0.472887152,0.534149788,0.720642073,0.069512863,0.657818333,0.685082873,Sleep stage R
0.385236871,0.456277479,0.502119642,0.901717826,0.06622879,0.666113646,0.569060773,Sleep stage R
0.352919574,0.456765999,0.544512482,0.673331456,0.094143404,0.655329739,0.602209945,Sleep stage R
0.371281675,0.464582316,0.564295808,0.160518164,0.057471264,0.658233098,0.569060773,Sleep stage R
0.376055821,0.475818271,0.543570419,0.217121937,0.101258894,0.657818333,0.535911602,Sleep stage R
0.532500918,0.516365413,0.536975977,0.417910448,0.085385878,0.666943177,0.513812155,Sleep stage R
0.36136614,0.425500733,0.563824776,0.554773303,0.058565955,0.666943177,0.541436464,Sleep stage R
0.357326478,0.503663898,0.551106924,0.273725711,0.079365079,0.654500207,0.502762431,Sleep stage R
0.509364671,0.516853933,0.570419218,0.221909321,0.107279693,0.653670676,0.790055249,Sleep stage R
0.408005876,0.443575965,0.565237871,0.258518727,0.033935413,0.65615927,0.580110497,Sleep stage R
0.385236871,0.504640938,0.560056524,0.829625458,0.099069513,0.661136458,0.712707182,Sleep stage R
0.287917738,0.378114314,0.907206783,0.805970149,0.04378763,0.659477395,0.679558011,Sleep stage R
0.389643775,0.509037616,0.507300989,0.458180794,0.046524357,0.66569888,0.674033149,Sleep stage R
0.359162688,0.496824621,0.553462082,0.642354266,0.05801861,0.663625052,0.53038674,Sleep stage R
0.414983474,0.451880801,0.585021196,0.232610532,0.04378763,0.667357943,0.453038674,Sleep stage R
0.381197209,0.501709819,0.53462082,0.770487187,0.081007115,0.672749896,0.364640884,Sleep stage R
0.335291957,0.513922814,0.574187471,0.883413123,0.049261084,0.667772708,0.502762431,Sleep stage R
0.338964378,0.461651197,0.572774376,0.768797522,0.050355774,0.666943177,0.458563536,Sleep stage R
0.382298935,0.438690767,0.57089025,0.760349197,0.054734537,0.657818333,0.591160221,Sleep stage R
0.409842086,0.402051783,0.596325954,0.381864264,0.111111111,0.651596848,0.414364641,Sleep stage R
0.357326478,0.498290181,0.539331135,0.233736975,0.067870826,0.667357943,0.480662983,Sleep stage R
0.435181785,0.36345872,0.564766839,0.319065052,0.091954023,0.65615927,0.453038674,Sleep stage R
0.369078223,0.47777235,0.592557701,0.596733315,0.073891626,0.661551224,0.541436464,Sleep stage R
0.358795446,0.542256961,0.58596326,0.435088707,0.078817734,0.658233098,0.591160221,Sleep stage R
0.368710981,0.446507084,0.544041451,0.115460434,0.07334428,0.666528411,0.458563536,Sleep stage R
0.471538744,0.510503175,0.440885539,0.182483807,0.070060208,0.65615927,0.624309392,Sleep stage R
0.383033419,0.47777235,0.51954781,0.35285835,0.099616858,0.658647864,0.552486188,Sleep stage R
0.428571429,0.552515877,0.577484691,0.395663193,0.917898194,0.66569888,0.370165746,Sleep stage R
0.394785163,0.465070835,0.53179463,0.308363841,0.129173508,0.648278723,0.662983425,Sleep stage R
0.400661036,0.40937958,0.487988695,0.372852718,0.074438971,0.655744504,0.629834254,Sleep stage R
0.484759456,0.473864191,0.606217617,0.410025345,0.074986316,0.666943177,0.613259669,Sleep stage R
0.35769372,0.468001954,0.586905323,0.857504928,0.050355774,0.660721692,0.508287293,Sleep stage R
0.412045538,0.487054226,0.510127179,0.274852154,0.167487685,0.657818333,0.624309392,Sleep stage R
0.424899008,0.43087445,0.541686293,0.440720924,0.100164204,0.658647864,0.635359116,Sleep stage R
0.354755784,0.496336102,0.549222798,0.11771332,0.085385878,0.671505599,0.574585635,Sleep stage R
0.36687477,0.54616512,0.542628356,0.92396508,0.055829228,0.659477395,0.640883978,Sleep stage R
0.382298935,0.509037616,0.545925577,0.095747677,0.075533662,0.665284114,0.591160221,Sleep stage R
0.36503856,0.496824621,0.543570419,0.841171501,0.081007115,0.662380755,0.696132597,Sleep stage R
0.390378259,0.512457255,0.436646255,0.576175725,0.951286262,0.661965989,0.569060773,Sleep stage R
0.347043702,0.461162677,0.610456901,0.004505773,0.97755884,0.667357943,0.53038674,Sleep stage R
0.34851267,0.52173913,0.537918041,0.165305548,0.071702244,0.658647864,0.701657459,Sleep stage R
0.362100624,0.475818271,0.533207725,0.856660096,0.031198686,0.668187474,0.696132597,Sleep stage R
0.345941976,0.511968735,0.542628356,0.459588848,0.071154899,0.664454583,0.657458564,Sleep stage R
0.392948953,0.438202247,0.536504946,0.209800056,0.040503558,0.670676068,0.629834254,Sleep stage R
0.377524789,0.479237909,0.573245407,0.80963109,0.064586754,0.66860224,0.535911602,Sleep stage R
0.325743665,0.518319492,0.523787094,0.206983948,0.072796935,0.655744504,0.657458564,Sleep stage R
0.415717958,0.479726429,0.532736693,0.785975781,0.035577449,0.664039818,0.651933702,Sleep stage R
0.383767903,0.479237909,0.528968441,0.69219938,0.060755337,0.65906263,0.767955801,Sleep stage R
0.373485127,0.485588666,0.554404145,0.594762039,0.076081007,0.664039818,0.745856354,Sleep stage R
0.318398825,0.493404983,0.550635893,0.388341312,0.074438971,0.658233098,0.679558011,Sleep stage R
0.427102461,0.467513434,0.538860104,0.448042805,0.077723043,0.671920365,0.585635359,Sleep stage R
0.380095483,0.497313141,0.550635893,0.639819769,0.077723043,0.657818333,0.491712707,Sleep stage R
0.380462725,0.504640938,0.557230334,0.43255421,0.088669951,0.674823725,0.53038674,Sleep stage R
0.426735219,0.505129458,0.569477155,0.43931287,0.085385878,0.661551224,0.524861878,Sleep stage R
0.316562615,0.484123107,0.563824776,0.758659533,0.259989053,0.672749896,0.53038674,Sleep stage R
0.387073081,0.507083537,0.545925577,0.683469445,0.239189929,0.666943177,0.613259669,Sleep stage R
0.386338597,0.487054226,0.572774376,0.419036891,0.561576355,0.670676068,0.464088398,Sleep stage R
0.303709144,0.475329751,0.65567593,0.2526049,0.146141215,0.65906263,0.513812155,Sleep stage R
0.362467866,0.492916463,0.516250589,0.420726556,0.093596059,0.669017005,0.44198895,Sleep stage R
0.402864488,0.43185149,0.487988695,0.559842298,0.084291188,0.662380755,0.70718232,Sleep stage R
0.438119721,0.400097704,0.505887894,0.302168403,0.134646962,0.671090834,0.696132597,Sleep stage R
0.34851267,0.45481192,0.471502591,0.671641791,0.159824849,0.669017005,0.613259669,Sleep stage R
0.356959236,0.524670249,0.587376354,0.240777246,0.108374384,0.666113646,0.696132597,Sleep stage R
0.391479985,0.506595017,0.527084315,0.663193467,0.113847838,0.669017005,0.64640884,Sleep stage R
0.359162688,0.492427943,0.55299105,0.55026753,0.263820471,0.661551224,0.607734807,Sleep stage R
0.341535072,0.517342452,0.575129534,0.5156294,0.106732348,0.676897553,0.657458564,Sleep stage R
0.345207492,0.543234001,0.535562883,0.762320473,0.111658456,0.657818333,0.801104972,Sleep stage R
0.447668013,0.542745481,0.512011305,0.236553084,0.077175698,0.659892161,0.624309392,Sleep stage R
0.308850533,0.532975085,0.53462082,0.434525486,0.099069513,0.661136458,0.629834254,Sleep stage R
0.456481822,0.433317049,0.653320772,0.639256547,0.095785441,0.664454583,0.718232044,Sleep stage R
0.381931693,0.481680508,0.565708902,0.808504647,0.089764641,0.668187474,0.674033149,Sleep stage R
0.371281675,0.470444553,0.600094206,0.734159392,0.20470717,0.662795521,0.756906077,Sleep stage R
0.362467866,0.445530044,0.473857748,0.61250352,0.665024631,0.659892161,0.640883978,Sleep stage R
0.403966214,0.469467513,0.56194065,0.202196564,0.141215107,0.665284114,0.46961326,Sleep stage R
0.364671318,0.493404983,0.555346208,0.843987609,0.064039409,0.669846537,0.596685083,Sleep stage R
0.368343739,0.484123107,0.507772021,0.382145874,0.089764641,0.665284114,0.419889503,Sleep stage R
0.380462725,0.472398632,0.551106924,0.357645734,0.061302682,0.672335131,0.574585635,Sleep stage R
0.400293794,0.498778701,0.613754122,0.39791608,0.067323481,0.671090834,0.436464088,Sleep stage R
0.376055821,0.467513434,0.684408855,0.601239088,0.078270389,0.672335131,0.613259669,Sleep stage R
0.356224752,0.509526136,0.536504946,0.253731343,0.3136289,0.676482787,0.502762431,Sleep stage R
0.374219611,0.513434294,0.506829958,0.715573078,0.741652983,0.679386147,0.635359116,Sleep stage R
0.358060962,0.490962384,0.504945831,0.688820051,0.925561029,0.672749896,0.497237569,Sleep stage R
0.418655894,0.440644846,0.527084315,0.303858068,0.24028462,0.671920365,0.563535912,Sleep stage R
0.381931693,0.470933073,0.537918041,0.266122219,0.091406678,0.668187474,0.563535912,Sleep stage R
0.360998898,0.501221299,0.551106924,0.663475077,0.066776136,0.67814185,0.613259669,Sleep stage R
0.387807565,0.458720078,0.569006123,0.326950155,0.078817734,0.673164662,0.458563536,Sleep stage R
0.440690415,0.515876893,0.609043806,0.284145311,0.07334428,0.669017005,0.685082873,Sleep stage R
0.437017995,0.47728383,0.493170042,0.651647423,0.055281883,0.664869349,0.591160221,Sleep stage R
0.399192068,0.426966292,0.495054169,0.424387496,0.094143404,0.661551224,0.718232044,Sleep stage R
0.411311054,0.493893503,0.518605747,0.437059983,0.076628352,0.671090834,0.685082873,Sleep stage R
0.343371282,0.498778701,0.475741875,0.562376795,0.056376574,0.66860224,0.767955801,Sleep stage R
0.387073081,0.510503175,0.520489873,0.337088144,0.130268199,0.67814185,0.679558011,Sleep stage R
0.374219611,0.516365413,0.533678756,0.247535905,0.126984127,0.670676068,0.613259669,Sleep stage R
0.365773044,0.508060576,0.545925577,0.391439031,0.070060208,0.664869349,0.480662983,Sleep stage R
0.316929857,0.43282853,0.585492228,0.300197128,0.077175698,0.668187474,0.613259669,Sleep stage R
0.318031583,0.536883244,0.451719265,0.299915517,0.045977011,0.677312319,0.574585635,Sleep stage R
0.369078223,0.489985344,0.586905323,0.310898338,0.068965517,0.671090834,0.591160221,Sleep stage R
0.381564451,0.450415242,0.560527555,0.580963109,0.076628352,0.671505599,0.762430939,Sleep stage R
0.417186926,0.502686859,0.470560528,0.25936356,0.070060208,0.671505599,0.475138122,Sleep stage R
0.362100624,0.485588666,0.548280735,0.256547451,0.102353585,0.672335131,0.657458564,Sleep stage R
0.398457584,0.496824621,0.532736693,0.236553084,0.105637657,0.671505599,0.486187845,Sleep stage R
0.330150569,0.583781143,0.565708902,0.402703464,0.107279693,0.683533803,0.718232044,Sleep stage R
0.375321337,0.457743039,0.482807348,0.331737539,0.114942529,0.681045209,0.552486188,Sleep stage R
0.432243849,0.415730337,0.608572774,0.405519572,0.056923919,0.685607632,0.591160221,Sleep stage R
0.373852369,0.47728383,0.502119642,0.637003661,0.059660646,0.676068022,0.602209945,Sleep stage R
0.382298935,0.475818271,0.46537918,0.450295691,0.074438971,0.679800912,0.508287293,Sleep stage R
0.453543885,0.489985344,0.486104569,0.415657561,0.139573071,0.681045209,0.668508287,Sleep stage R
0.420859346,0.538837323,0.46537918,0.835257674,0.064586754,0.670676068,0.668508287,Sleep stage R
0.367609254,0.537860283,0.626000942,0.700929316,0.038314176,0.679386147,0.447513812,Sleep stage R
0.351083364,0.465070835,0.342439943,0.341030696,0.048166393,0.674408959,0.309392265,Sleep stage R
0.332721263,0.525158769,0.618935469,0.691636159,0.068965517,0.681045209,0.64640884,Sleep stage R
0.394417921,0.442110405,0.551577956,0.793297663,0.074986316,0.679800912,0.541436464,Sleep stage R
0.398824826,0.468001954,0.433349034,0.760067587,0.093596059,0.686437163,0.596685083,Sleep stage R
0.422695556,0.444553004,0.54686764,0.668262461,0.084838533,0.685607632,0.591160221,Sleep stage R
0.360998898,0.47630679,0.588318417,0.047592228,0.099616858,0.681874741,0.425414365,Sleep stage R
0.40506794,0.479237909,0.590673575,0.700929316,0.091406678,0.684363335,0.430939227,Sleep stage R
0.364671318,0.467024915,0.56194065,0.767671079,0.103448276,0.668187474,0.226519337,Sleep stage R
0.390011017,0.425012213,0.544041451,0.248662349,0.09469075,0.681459975,0.375690608,Sleep stage R
0.396254131,0.47777235,0.545925577,0.720078851,0.077723043,0.670676068,0.364640884,Sleep stage R
0.359897172,0.504640938,0.552520019,0.432835821,0.060755337,0.692243882,0.436464088,Sleep stage R
0.398824826,0.43282853,0.539802167,0.634469164,0.093596059,0.676068022,0.607734807,Sleep stage R
0.391479985,0.467513434,0.552520019,0.244438186,0.08757526,0.69058482,0.524861878,Sleep stage R
0.378993757,0.470933073,0.558172398,0.714446635,0.027367269,0.680630444,0.552486188,Sleep stage R
0.388174807,0.480214949,0.559114461,0.235708251,0.083743842,0.680630444,0.690607735,Sleep stage R
