1, 0.354 0.536 0.546 0.191 0.108 0.611 0.459 Sleep stage R;
2, 0.388 0.503 0.545 0.547 0.046 0.63 0.343 Sleep stage R;
3, 0.375 0.532 0.546 0.741 0.057 0.616 0.376 Sleep stage R;
4, 0.379 0.48 0.53 0.128 0.091 0.618 0.58 Sleep stage R;
5, 0.437 0.447 0.576 0.592 0.049 0.628 0.425 Sleep stage R;
6, 0.307 0.534 0.55 0.571 0.081 0.609 0.536 Sleep stage R;
7, 0.387 0.535 0.546 0.697 0.067 0.618 0.365 Sleep stage R;
8, 0.4 0.457 0.552 0.322 0.044 0.615 0.525 Sleep stage R;
9, 0.399 0.461 0.548 0.761 0.034 0.625 0.459 Sleep stage R;
10, 0.369 0.482 0.532 0.528 0.058 0.615 0.392 Sleep stage R;
11, 0.495 0.482 0.563 0.53 0.373 0.626 0.414 Sleep stage R;
12, 0.351 0.502 0.609 0.762 0.335 0.619 0.569 Sleep stage R;
13, 0.487 0.446 0.526 0.776 0.04 0.62 0.381 Sleep stage R;
14, 0.376 0.583 0.534 0.63 0.105 0.611 0.282 Sleep stage R;
15, 0.355 0.492 0.783 0.463 0.09 0.618 0.238 Sleep stage R;
16, 0.387 0.407 0.553 0.799 0.077 0.621 0.26 Sleep stage R;
17, 0.413 0.425 0.548 0.325 0.105 0.611 0.575 Sleep stage R;
18, 0.217 0.591 0.567 0.528 0.065 0.627 0.42 Sleep stage R;
19, 0.358 0.516 0.561 0.238 0.096 0.614 0.536 Sleep stage R;
20, 0.44 0.77 0.501 0.94 0.083 0.619 0.541 Sleep stage R;
21, 0.353 0.578 0.554 0.132 0.067 0.613 0.514 Sleep stage R;
22, 0.366 0.428 0.545 0.883 0.07 0.622 0.398 Sleep stage R;
23, 0.352 0.556 0.562 0.132 0.079 0.614 0.414 Sleep stage R;
24, 0.423 0.503 0.543 0.788 0.063 0.628 0.464 Sleep stage R;
25, 0.435 0.364 0.529 0.23 0.223 0.616 0.448 Sleep stage R;
26, 0.473 0.4 0.534 0.862 0.119 0.625 0.304 Sleep stage R;
27, 0.396 0.455 0.531 0.129 0.087 0.613 0.591 Sleep stage R;
28, 0.423 0.483 0.475 0.263 0.122 0.602 0.381 Sleep stage R;
29, 0.454 0.472 0.534 0.829 0.089 0.625 0.53 Sleep stage R;
30, 0.385 0.447 0.658 0.695 0.033 0.618 0.652 Sleep stage R;
31, 0.422 0.475 0.561 0.227 0.087 0.608 0.702 Sleep stage R;
32, 0.373 0.473 0.553 0.587 0.054 0.627 0.641 Sleep stage R;
33, 0.358 0.498 0.547 0.68 0.068 0.608 0.624 Sleep stage R;
34, 0.364 0.487 0.549 0.315 0.054 0.621 0.436 Sleep stage R;
35, 0.369 0.483 0.559 0.874 0.016 0.613 0.326 Sleep stage R;
36, 0.362 0.498 0.6 0.707 0.076 0.616 0.519 Sleep stage R;
37, 0.424 0.478 0.568 0.932 0.053 0.611 0.481 Sleep stage R;
38, 0.405 0.514 0.613 0.636 0.05 0.613 0.63 Sleep stage R;
39, 0.335 0.553 0.529 0.136 0.089 0.616 0.63 Sleep stage R;
40, 0.396 0.476 0.557 0.334 0.062 0.624 0.409 Sleep stage R;
41, 0.349 0.487 0.59 0.321 0.055 0.612 0.58 Sleep stage R;
42, 0.41 0.435 0.568 0.363 0.045 0.619 0.381 Sleep stage R;
43, 0.378 0.475 0.566 0.756 0.068 0.605 0.453 Sleep stage R;
44, 0.391 0.453 0.577 0.416 0.169 0.609 0.376 Sleep stage R;
45, 0.32 0.546 0.536 0.786 0.066 0.606 0.37 Sleep stage R;
46, 0.402 0.5 0.586 0.22 0.053 0.618 0.348 Sleep stage R;
47, 0.339 0.487 0.492 0.766 0.032 0.617 0.448 Sleep stage R;
48, 0.421 0.493 0.626 0.402 0.067 0.605 0.713 Sleep stage R;
49, 0.362 0.524 0.547 0.462 0.035 0.623 0.376 Sleep stage R;
50, 0.384 0.412 0.565 0.649 0.079 0.609 0.481 Sleep stage R;
51, 0.315 0.468 0.575 0.536 0.074 0.604 0.497 Sleep stage R;
52, 0.395 0.508 0.541 0.573 0.03 0.623 0.381 Sleep stage R;
53, 0.416 0.439 0.556 0.212 0.096 0.607 0.508 Sleep stage R;
54, 0.351 0.517 0.546 0.755 0.082 0.605 0.608 Sleep stage R;
55, 0.374 0.509 0.541 0.596 0.063 0.618 0.249 Sleep stage R;
56, 0.414 0.497 0.543 0.228 0.138 0.623 0.243 Sleep stage R;
57, 0.38 0.471 0.585 0.371 0.09 0.603 0.403 Sleep stage R;
58, 0.45 0.46 0.431 0.358 0.09 0.602 0.414 Sleep stage R;
59, 0.365 0.44 0.593 0.472 0.068 0.619 0.425 Sleep stage R;
60, 0.394 0.482 0.584 0.652 0.114 0.605 0.492 Sleep stage R;
61, 0.376 0.554 0.6 0.24 0.079 0.608 0.464 Sleep stage R;
62, 0.311 0.504 0.623 0.218 0.088 0.612 0.635 Sleep stage R;
63, 0.4 0.462 0.536 0.56 0.069 0.625 0.519 Sleep stage R;
64, 0.384 0.508 0.526 0.894 0.104 0.616 0.425 Sleep stage R;
65, 0.394 0.517 0.561 0.192 0.132 0.615 0.641 Sleep stage R;
66, 0.376 0.528 0.899 0.569 0.072 0.625 0.613 Sleep stage R;
67, 0.401 0.496 0.523 0.411 0.077 0.606 0.702 Sleep stage R;
68, 0.41 0.529 0.606 0.57 0.067 0.618 0.53 Sleep stage R;
69, 0.402 0.474 0.517 0.198 0.079 0.614 0.552 Sleep stage R;
70, 0.391 0.488 0.557 0.554 0.2 0.619 0.591 Sleep stage R;
71, 0.362 0.43 0.608 0.518 0.086 0.61 0.497 Sleep stage R;
72, 0.398 0.463 0.556 0.626 0.096 0.622 0.492 Sleep stage R;
73, 0.355 0.506 0.543 0.168 0.094 0.606 0.481 Sleep stage R;
74, 0.379 0.511 0.497 0.593 0.041 0.619 0.536 Sleep stage R;
75, 0.385 0.493 0.515 0.631 0.061 0.617 0.486 Sleep stage R;
76, 0.354 0.461 0.528 0.219 0.071 0.626 0.37 Sleep stage R;
77, 0.318 0.569 0.569 0.721 0.08 0.609 0.564 Sleep stage R;
78, 0.313 0.445 0.907 0.447 0.105 0.619 0.503 Sleep stage R;
79, 0.369 0.449 0.576 0.781 0.06 0.619 0.221 Sleep stage R;
80, 0.383 0.461 0.55 0.208 0.207 0.613 0.414 Sleep stage R;
81, 0.369 0.456 0.479 0.526 0.048 0.621 0.387 Sleep stage R;
82, 0.328 0.48 0.574 0.849 0.068 0.619 0.497 Sleep stage R;
83, 0.368 0.482 0.561 0.268 0.657 0.629 0.459 Sleep stage R;
84, 0.391 0.482 0.544 0.647 0.102 0.62 0.514 Sleep stage R;
85, 0.39 0.416 0.624 0.261 0.113 0.61 0.453 Sleep stage R;
86, 0.491 0.471 0.484 0.613 0.05 0.625 0.475 Sleep stage R;
87, 0.379 0.465 0.546 0.502 0.059 0.611 0.53 Sleep stage R;
88, 0.384 0.442 0.57 0.314 0.068 0.623 0.486 Sleep stage R;
89, 0.369 0.527 0.584 0.836 0.113 0.625 0.481 Sleep stage R;
90, 0.362 0.458 0.526 0.68 0.039 0.618 0.525 Sleep stage R;
91, 0.379 0.514 0.593 0.245 0.098 0.619 0.387 Sleep stage R;
92, 0.376 0.502 0.491 0.875 0.063 0.62 0.21 Sleep stage R;
93, 0.387 0.478 0.578 0.321 0.08 0.632 0.503 Sleep stage R;
94, 0.393 0.451 0.576 0.462 0.057 0.616 0.497 Sleep stage R;
95, 0.364 0.502 0.399 0.165 0.131 0.627 0.608 Sleep stage R;
96, 0.315 0.525 0.532 0.917 0.092 0.617 0.497 Sleep stage R;
97, 0.379 0.501 0.56 0.124 0.065 0.618 0.425 Sleep stage R;
98, 0.376 0.431 0.562 0.813 0.073 0.62 0.624 Sleep stage R;
99, 0.369 0.482 0.571 0.417 0.066 0.624 0.414 Sleep stage R;
100, 0.371 0.478 0.568 0.362 0.072 0.616 0.53 Sleep stage R;
101, 0.402 0.466 0.568 0.407 0.068 0.624 0.564 Sleep stage R;
102, 0.366 0.484 0.585 0.594 0.176 0.632 0.536 Sleep stage R;
103, 0.4 0.447 0.533 0.663 0.047 0.622 0.536 Sleep stage R;
104, 0.361 0.45 0.567 0.61 0.172 0.616 0.431 Sleep stage R;
105, 0.423 0.482 0.524 0.358 0.082 0.611 0.575 Sleep stage R;
106, 0.368 0.458 0.555 0.937 0.132 0.628 0.414 Sleep stage R;
107, 0.414 0.425 0.528 0.331 0.726 0.625 0.398 Sleep stage R;
108, 0.404 0.46 0.539 0.571 0.103 0.613 0.425 Sleep stage R;
109, 0.39 0.473 0.535 0.494 0.119 0.631 0.403 Sleep stage R;
110, 0.376 0.485 0.587 0.175 0.134 0.613 0.508 Sleep stage R;
111, 0.374 0.506 0.563 0.812 0.072 0.62 0.541 Sleep stage R;
112, 0.389 0.442 0.54 0.398 0.119 0.624 0.63 Sleep stage R;
113, 0.355 0.512 0.553 0.802 0.07 0.619 0.541 Sleep stage R;
114, 0.398 0.463 0.52 0.294 0.077 0.621 0.436 Sleep stage R;
115, 0.343 0.487 0.583 0.851 0.054 0.63 0.552 Sleep stage R;
116, 0.388 0.453 0.564 0.629 0.048 0.62 0.608 Sleep stage R;
117, 0.38 0.473 0.553 0.175 0.071 0.625 0.398 Sleep stage R;
118, 0.393 0.472 0.531 0.372 0.25 0.625 0.343 Sleep stage R;
119, 0.362 0.488 0.537 0.73 0.068 0.627 0.354 Sleep stage R;
120, 0.402 0.484 0.579 0.129 0.286 0.625 0.558 Sleep stage R;
121, 0.381 0.483 0.54 0.809 0.053 0.618 0.525 Sleep stage R;
122, 0.38 0.503 0.592 0.375 0.123 0.62 0.409 Sleep stage R;
123, 0.364 0.458 0.597 0.195 0.298 0.618 0.597 Sleep stage R;
124, 0.393 0.473 0.52 0.277 0.09 0.623 0.696 Sleep stage R;
125, 0.402 0.471 0.557 0.141 0.64 0.619 0.624 Sleep stage R;
126, 0.358 0.482 0.513 0.614 0.059 0.619 0.497 Sleep stage R;
127, 0.372 0.497 0.515 0.517 0.075 0.63 0.354 Sleep stage R;
128, 0.341 0.506 0.573 0.378 0.103 0.62 0.558 Sleep stage R;
129, 0.383 0.486 0.545 0.829 0.053 0.625 0.552 Sleep stage R;
130, 0.385 0.508 0.56 0.542 0.077 0.627 0.287 Sleep stage R;
131, 0.432 0.38 0.566 0.237 0.064 0.615 0.564 Sleep stage R;
132, 0.391 0.428 0.511 0.649 0.054 0.623 0.558 Sleep stage R;
133, 0.367 0.492 0.534 0.621 0.093 0.628 0.608 Sleep stage R;
134, 0.413 0.518 0.58 0.562 0.068 0.629 0.42 Sleep stage R;
135, 0.392 0.457 0.527 0.662 0.216 0.626 0.42 Sleep stage R;
136, 0.375 0.519 0.546 0.924 0.056 0.627 0.431 Sleep stage R;
137, 0.359 0.515 0.545 0.232 0.071 0.62 0.624 Sleep stage R;
138, 0.383 0.511 0.553 0.495 0.081 0.635 0.304 Sleep stage R;
139, 0.389 0.558 0.583 0.861 0.939 0.624 0.53 Sleep stage R;
140, 0.369 0.491 0.547 0.692 0.091 0.626 0.558 Sleep stage R;
141, 0.332 0.503 0.556 0.084 0.074 0.622 0.497 Sleep stage R;
142, 0.355 0.465 0.558 0.658 0.085 0.621 0.541 Sleep stage R;
143, 0.401 0.427 0.551 0.378 0.048 0.628 0.575 Sleep stage R;
144, 0.494 0.46 0.53 0.24 0 0.628 0.569 Sleep stage R;
145, 0.358 0.453 0.549 0.835 0.105 0.624 0.597 Sleep stage R;
146, 0.34 0.468 0.509 0.235 0.102 0.624 0.403 Sleep stage R;
147, 0.383 0.454 0.533 0.179 0.108 0.621 0.591 Sleep stage R;
148, 0.386 0.491 0.531 0.914 0.06 0.63 0.608 Sleep stage R;
149, 0.399 0.454 0.568 0.396 0.098 0.619 0.613 Sleep stage R;
150, 0.354 0.436 0.566 0.85 0.294 0.634 0.348 Sleep stage R;
151, 0.407 0.451 0.471 1 0.096 0.622 0.547 Sleep stage R;
152, 0.395 0.481 0.554 0.28 0.06 0.631 0.343 Sleep stage R;
153, 0.322 0.472 0.541 0.056 0.079 0.621 0.442 Sleep stage R;
154, 0.39 0.42 0.553 0.976 0.072 0.624 0.497 Sleep stage R;
155, 0.39 0.463 0.539 0.394 0.079 0.632 0.475 Sleep stage R;
156, 0.364 0.462 0.532 0.211 0.078 0.619 0.53 Sleep stage R;
157, 0.355 0.484 0.563 0.346 0.021 0.63 0.436 Sleep stage R;
158, 0.383 0.497 0.566 0.787 0.232 0.613 0.497 Sleep stage R;
159, 0.354 0.479 0.554 0.116 0.067 0.638 0.503 Sleep stage R;
160, 0.411 0.47 0.547 0.838 0.068 0.619 0.486 Sleep stage R;
161, 0.397 0.505 0.555 0.327 0.059 0.632 0.398 Sleep stage R;
162, 0.403 0.46 0.545 0.083 0.076 0.616 0.464 Sleep stage R;
163, 0.381 0.503 0.542 0.587 0.066 0.613 0.641 Sleep stage R;
164, 0.38 0.516 0.54 0.986 0.067 0.62 0.547 Sleep stage R;
165, 0.346 0.499 0.559 0.463 0.072 0.629 0.359 Sleep stage R;
166, 0.313 0.526 0.482 0.717 0.085 0.621 0.552 Sleep stage R;
167, 0.356 0.493 0.513 0.116 0.063 0.623 0.431 Sleep stage R;
168, 0.418 0.474 0.49 0.075 0.846 0.609 0.414 Sleep stage R;
169, 0.224 0.698 0.576 0.729 0.886 0.64 0.359 Sleep stage R;
170, 0.416 0.422 0.555 0.267 0.297 0.613 0.47 Sleep stage R;
171, 0.405 0.433 0.542 0.499 0.069 0.633 0.448 Sleep stage R;
172, 0.368 0.532 0.559 0.062 0.065 0.623 0.613 Sleep stage R;
173, 0.416 0.447 0.548 0.9 0.102 0.616 0.525 Sleep stage R;
174, 0.304 0.522 0.567 0.074 0.086 0.626 0.591 Sleep stage R;
175, 0.371 0.447 0.539 0.973 0.17 0.625 0.602 Sleep stage R;
176, 0.462 0.329 0.53 0.144 0.297 0.623 0.486 Sleep stage R;
177, 0.367 0.478 0.536 0.899 0.153 0.63 0.448 Sleep stage R;
178, 0.359 0.477 0.552 0.134 0.073 0.634 0.47 Sleep stage R;
179, 0.371 0.511 0.537 0.412 0.077 0.617 0.613 Sleep stage R;
180, 0.389 0.5 0.526 0.691 0.081 0.629 0.536 Sleep stage R;
181, 0.41 0.463 0.557 0.064 0.071 0.625 0.569 Sleep stage R;
182, 0.354 0.475 0.545 0.98 0.071 0.621 0.862 Sleep stage R;
183, 0.376 0.472 0.56 0.181 0.112 0.63 0.746 Sleep stage R;
184, 0.416 0.47 0.564 0.243 0.062 0.618 0.669 Sleep stage R;
185, 0.362 0.472 0.555 0.835 0.054 0.628 0.602 Sleep stage R;
186, 0.278 0.553 0.548 0.086 0.085 0.629 0.547 Sleep stage R;
187, 0.396 0.438 0.547 0.767 0.08 0.609 0.63 Sleep stage R;
188, 0.34 0.593 0.543 0.351 0.062 0.627 0.58 Sleep stage R;
189, 0.299 0.559 0.619 0.99 0.027 0.629 0.475 Sleep stage R;
190, 0.36 0.515 0.493 0.927 0.072 0.622 0.525 Sleep stage R;
191, 0.354 0.441 0.624 0.111 0.064 0.623 0.425 Sleep stage R;
192, 0.387 0.46 0.564 0.932 0.06 0.637 0.558 Sleep stage R;
193, 0.368 0.516 0.525 0.49 0.126 0.656 0.541 Sleep stage R;
194, 0.4 0.422 0.507 0.488 0.089 0.657 0.602 Sleep stage R;
195, 0.397 0.495 0.52 0.516 0.072 0.66 0.619 Sleep stage R;
196, 0.341 0.549 0.557 0.51 0.03 0.659 0.42 Sleep stage R;
197, 0.36 0.536 0.509 0.507 0.029 0.664 0.558 Sleep stage R;
198, 0.339 0.423 0.584 0.484 0.053 0.664 0.591 Sleep stage R;
199, 0.434 0.476 0.56 0.469 0.077 0.662 0.414 Sleep stage R;
200, 0.44 0.473 0.558 0.484 0.144 0.662 0.431 Sleep stage R;
201, 0.378 0.517 0.57 0.476 0.071 0.657 0.486 Sleep stage R;
202, 0.307 0.464 0.604 0.51 0.055 0.658 0.608 Sleep stage R;
203, 0.379 0.499 0.565 0.529 0.099 0.659 0.53 Sleep stage R;
204, 0.403 0.468 0.54 0.507 0.059 0.659 0.409 Sleep stage R;
205, 0.35 0.516 0.556 0.463 0.097 0.655 0.448 Sleep stage R;
206, 0.378 0.476 0.545 0.47 0.045 0.662 0.58 Sleep stage R;
207, 0.339 0.503 0.551 0.524 0.09 0.655 0.508 Sleep stage R;
208, 0.349 0.506 0.529 0.504 0.059 0.663 0.569 Sleep stage R;
209, 0.411 0.431 0.539 0.449 0.039 0.661 0.552 Sleep stage R;
210, 0.372 0.529 0.55 0.513 0.045 0.661 0.536 Sleep stage R;
211, 0.396 0.463 0.579 0.485 0.065 0.669 0.343 Sleep stage R;
212, 0.375 0.491 0.425 0.484 0.089 0.666 0.547 Sleep stage R;
213, 0.384 0.501 0.546 0.509 0.063 0.656 0.392 Sleep stage R;
214, 0.339 0.491 0.542 0.676 0.074 0.653 0.442 Sleep stage R;
215, 0.378 0.496 0.529 0.471 0.102 0.657 0.442 Sleep stage R;
216, 0.28 0.681 0.53 0.571 0.059 0.655 0.42 Sleep stage R;
217, 0.371 0.471 0.553 0.446 0.067 0.659 0.249 Sleep stage R;
218, 0.39 0.523 0.333 0.473 0.085 0.664 0.503 Sleep stage R;
219, 0.306 0.531 0.641 0.594 0.082 0.665 0.536 Sleep stage R;
220, 0.419 0.453 0.538 0.567 0.075 0.658 0.514 Sleep stage R;
221, 0.383 0.47 0.577 0.526 0.085 0.657 0.486 Sleep stage R;
222, 0.406 0.428 0.579 0.491 0.094 0.664 0.624 Sleep stage R;
223, 0.396 0.481 0.572 0.521 0.102 0.66 0.541 Sleep stage R;
224, 0.371 0.528 0.545 0.482 0.08 0.664 0.58 Sleep stage R;
225, 0.391 0.462 0.538 0.515 0.04 0.661 0.663 Sleep stage R;
226, 0.407 0.454 0.539 0.487 0.072 0.663 0.58 Sleep stage R;
227, 0.348 0.502 0.494 0.581 0.051 0.662 0.602 Sleep stage R;
228, 0.401 0.424 0.541 0.651 0.102 0.667 0.608 Sleep stage R;
229, 0.346 0.525 0.546 0.481 0.062 0.665 0.541 Sleep stage R;
230, 0.359 0.442 0.597 0.524 0.114 0.661 0.448 Sleep stage R;
231, 0.399 0.467 0.494 0.476 0.083 0.667 0.608 Sleep stage R;
232, 0.376 0.478 0.499 0.504 0.108 0.665 0.442 Sleep stage R;
233, 0.392 0.457 0.572 0.617 0.137 0.672 0.403 Sleep stage R;
234, 0.339 0.524 0.555 0.495 0.184 0.663 0.508 Sleep stage R;
235, 0.379 0.459 0.556 0.507 0.073 0.664 0.558 Sleep stage R;
236, 0.383 0.494 0.542 0.597 0.192 0.659 0.453 Sleep stage R;
237, 0.374 0.491 0.548 0.504 0.08 0.656 0.541 Sleep stage R;
238, 0.387 0.482 0.56 0.444 0.22 0.656 0.481 Sleep stage R;
239, 0.397 0.444 0.554 0.496 0.109 0.662 0.464 Sleep stage R;
240, 0.376 0.556 0.554 0.592 0.061 0.66 0.547 Sleep stage R;
241, 0.365 0.469 0.546 0.452 0.076 0.664 0.547 Sleep stage R;
242, 0.376 0.492 0.545 0.417 0.102 0.659 0.564 Sleep stage R;
243, 0.433 0.447 0.55 0.414 0.083 0.66 0.47 Sleep stage R;
244, 0.431 0.426 0.549 0.545 0.093 0.663 0.608 Sleep stage R;
245, 0.401 0.46 0.534 0.533 0.116 0.657 0.508 Sleep stage R;
246, 0.368 0.542 0.555 0.507 0.049 0.652 0.459 Sleep stage R;
247, 0.382 0.484 0.56 0.56 0.1 0.659 0.47 Sleep stage R;
248, 0.369 0.514 0.539 0.477 0.117 0.658 0.26 Sleep stage R;
249, 0.341 0.508 0.548 0.445 0.048 0.656 0.387 Sleep stage R;
250, 0.437 0.499 0.559 0.391 0.057 0.661 0.354 Sleep stage R;
251, 0.294 0.484 0.634 0.494 0.053 0.662 0.337 Sleep stage R;
252, 0.355 0.473 0.587 0.507 0.093 0.668 0.166 Sleep stage R;
253, 0.417 0.42 0.53 0.667 0.101 0.657 0.398 Sleep stage R;
254, 0.367 0.57 0.493 0.658 0.066 0.655 0.442 Sleep stage R;
255, 0.363 0.502 0.546 0.458 0.112 0.662 0.552 Sleep stage R;
256, 0.4 0.514 0.548 0.455 0.047 0.661 0.569 Sleep stage R;
257, 0.393 0.477 0.576 0.311 0.09 0.664 0.448 Sleep stage R;
258, 0.4 0.439 0.565 0.432 0.069 0.658 0.481 Sleep stage R;
259, 0.367 0.453 0.512 0.55 0.06 0.662 0.453 Sleep stage R;
260, 0.375 0.508 0.544 0.62 0.165 0.656 0.519 Sleep stage R;
261, 0.337 0.528 0.556 0.64 0.082 0.663 0.525 Sleep stage R;
262, 0.382 0.482 0.505 0.536 0.059 0.666 0.536 Sleep stage R;
263, 0.368 0.465 0.564 0.46 0.069 0.665 0.414 Sleep stage R;
264, 0.394 0.473 0.537 0.467 0.06 0.665 0.464 Sleep stage R;
265, 0.374 0.485 0.538 0.469 0.258 0.664 0.602 Sleep stage R;
266, 0.367 0.453 0.557 0.426 0.168 0.659 0.514 Sleep stage R;
267, 0.384 0.471 0.544 0.493 0.103 0.664 0.652 Sleep stage R;
268, 0.395 0.432 0.562 0.526 0.125 0.666 0.552 Sleep stage R;
269, 0.368 0.446 0.603 0.411 0.093 0.659 0.558 Sleep stage R;
270, 0.368 0.471 0.53 0.46 0.048 0.672 0.558 Sleep stage R;
271, 0.368 0.514 0.545 0.384 0.078 0.654 0.481 Sleep stage R;
272, 0.331 0.496 0.53 0.257 0.074 0.65 0.381 Sleep stage R;
273, 0.381 0.485 0.555 0.284 0.091 0.657 0.47 Sleep stage R;
274, 0.295 0.527 0.549 0.732 0.088 0.651 0.536 Sleep stage R;
275, 0.434 0.455 0.554 0.429 0.057 0.653 0.431 Sleep stage R;
276, 0.379 0.496 0.561 0.286 0.105 0.659 0.392 Sleep stage R;
277, 0.391 0.485 0.546 0.738 0.035 0.654 0.497 Sleep stage R;
278, 0.385 0.488 0.533 0.647 0.072 0.655 0.381 Sleep stage R;
279, 0.367 0.472 0.545 0.286 0.091 0.658 0.403 Sleep stage R;
280, 0.401 0.464 0.545 0.3 0.058 0.654 0.392 Sleep stage R;
281, 0.364 0.506 0.55 0.327 0.088 0.654 0.558 Sleep stage R;
282, 0.319 0.556 0.552 0.629 0.072 0.656 0.337 Sleep stage R;
283, 0.409 0.447 0.563 0.683 0.082 0.652 0.547 Sleep stage R;
284, 0.397 0.498 0.528 0.337 0.074 0.646 0.552 Sleep stage R;
285, 0.419 0.447 0.552 0.27 0.07 0.65 0.586 Sleep stage R;
286, 0.371 0.49 0.549 0.692 0.076 0.65 0.569 Sleep stage R;
287, 0.396 0.437 0.571 0.473 0.063 0.659 0.475 Sleep stage R;
288, 0.396 0.467 0.562 0.536 0.071 0.649 0.729 Sleep stage R;
289, 0.376 0.501 0.556 0.283 0.112 0.648 0.724 Sleep stage R;
290, 0.346 0.477 0.557 0.625 0.065 0.65 0.702 Sleep stage R;
291, 0.382 0.483 0.555 0.323 0.115 0.65 0.497 Sleep stage R;
292, 0.385 0.471 0.545 0.525 0.049 0.655 0.635 Sleep stage R;
293, 0.408 0.469 0.541 0.285 0.057 0.652 0.602 Sleep stage R;
294, 0.42 0.382 0.546 0.626 0.047 0.656 0.414 Sleep stage R;
295, 0.345 0.511 0.561 0.768 0.065 0.653 0.624 Sleep stage R;
296, 0.375 0.51 0.537 0.36 0.077 0.645 0.564 Sleep stage R;
297, 0.382 0.494 0.551 0.555 0.09 0.655 0.448 Sleep stage R;
298, 0.393 0.544 0.536 0.578 0.104 0.645 0.591 Sleep stage R;
299, 0.382 0.493 0.558 0.278 0.059 0.645 0.514 Sleep stage R;
300, 0.417 0.463 0.543 0.533 0.085 0.654 0.431 Sleep stage R;
301, 0.391 0.472 0.528 0.72 0.068 0.656 0.646 Sleep stage R;
302, 0.367 0.386 0.561 0.283 0.084 0.647 0.663 Sleep stage R;
303, 0.359 0.466 0.633 0.364 0.079 0.645 0.768 Sleep stage R;
304, 0.514 0.455 0.463 0.745 0.123 0.655 0.751 Sleep stage R;
305, 0.378 0.499 0.514 0.752 0.072 0.65 0.575 Sleep stage R;
306, 0.368 0.46 0.562 0.687 0.059 0.648 0.58 Sleep stage R;
307, 0.379 0.427 0.56 0.535 0.061 0.646 0.525 Sleep stage R;
308, 0.408 0.461 0.787 0.402 0.063 0.652 0.762 Sleep stage R;
309, 0.253 0.497 0.596 0.738 0.055 0.658 0.63 Sleep stage R;
310, 0.295 0.471 0.534 0.628 0.036 0.655 0.497 Sleep stage R;
311, 0.397 0.457 0.43 0.596 0.091 0.652 0.702 Sleep stage R;
312, 0.358 0.479 0.545 0.329 0.073 0.652 0.646 Sleep stage R;
313, 0.358 0.475 0.586 0.76 0.045 0.653 0.657 Sleep stage R;
314, 0.366 0.473 0.55 0.693 0.044 0.648 0.497 Sleep stage R;
315, 0.388 0.492 0.55 0.206 0.091 0.652 0.729 Sleep stage R;
316, 0.365 0.522 0.531 0.563 0.05 0.656 0.635 Sleep stage R;
317, 0.378 0.476 0.554 0.607 0.079 0.646 0.608 Sleep stage R;
318, 0.392 0.464 0.55 0.335 0.083 0.641 0.575 Sleep stage R;
319, 0.389 0.481 0.533 0.308 0.064 0.639 0.497 Sleep stage R;
320, 0.355 0.506 0.585 0.453 0.066 0.637 0.519 Sleep stage R;
321, 0.418 0.466 0.576 0.342 0.109 0.638 0.525 Sleep stage R;
322, 0.354 0.489 0.585 0.671 0.066 0.65 0.519 Sleep stage R;
323, 0.421 0.487 0.439 0.699 0.276 0.641 0.564 Sleep stage R;
324, 0.4 0.505 0.534 0.705 0.042 0.647 0.481 Sleep stage R;
325, 0.376 0.468 0.577 0.774 0.137 0.651 0.58 Sleep stage R;
326, 0.373 0.465 0.555 0.762 0.242 0.65 0.497 Sleep stage R;
327, 0.388 0.481 0.543 0.671 0.099 0.645 0.564 Sleep stage R;
328, 0.398 0.477 0.522 0.639 0.072 0.646 0.608 Sleep stage R;
329, 0.396 0.504 0.417 0.691 0.057 0.65 0.68 Sleep stage R;
330, 0.364 0.507 0.563 0.616 0.213 0.652 0.591 Sleep stage R;
331, 0.386 0.467 0.524 0.675 0.049 0.657 0.536 Sleep stage R;
332, 0.397 0.511 0.56 0.423 0.093 0.659 0.558 Sleep stage R;
333, 0.401 0.593 0.528 0.423 0.072 0.647 0.768 Sleep stage R;
334, 0.411 0.484 0.51 0.513 0.09 0.649 0.63 Sleep stage R;
335, 0.392 0.555 0.577 0.284 0.085 0.642 0.602 Sleep stage R;
336, 0.379 0.482 0.534 0.236 0.128 0.645 0.503 Sleep stage R;
337, 0.37 0.512 0.549 0.395 0.103 0.657 0.481 Sleep stage R;
338, 0.406 0.432 0.543 0.696 0.068 0.653 0.608 Sleep stage R;
339, 0.383 0.48 0.545 0.433 0.088 0.647 0.702 Sleep stage R;
340, 0.382 0.447 0.538 0.4 0.077 0.654 0.337 Sleep stage R;
341, 0.379 0.42 0.552 0.468 0.085 0.646 0.652 Sleep stage R;
342, 0.358 0.521 0.551 0.384 0.121 0.657 0.674 Sleep stage R;
343, 0.385 0.477 0.542 0.547 0.097 0.65 0.63 Sleep stage R;
344, 0.394 0.49 0.543 0.293 0.093 0.65 0.768 Sleep stage R;
345, 0.388 0.509 0.54 0.317 0.1 0.643 0.796 Sleep stage R;
346, 0.392 0.444 0.553 0.591 0.083 0.655 0.624 Sleep stage R;
347, 0.36 0.493 0.548 0.713 0.639 0.656 0.492 Sleep stage R;
348, 0.387 0.448 0.551 0.535 0.195 0.651 0.685 Sleep stage R;
349, 0.358 0.509 0.542 0.274 0.186 0.648 0.591 Sleep stage R;
350, 0.387 0.504 0.54 0.6 0.114 0.653 0.536 Sleep stage R;
351, 0.36 0.437 0.54 0.818 0.062 0.655 0.47 Sleep stage R;
352, 0.383 0.479 0.553 0.41 0.097 0.644 0.503 Sleep stage R;
353, 0.391 0.5 0.546 0.297 0.105 0.658 0.536 Sleep stage R;
354, 0.435 0.417 0.55 0.655 0.066 0.652 0.459 Sleep stage R;
355, 0.407 0.48 0.546 0.289 0.044 0.65 0.403 Sleep stage R;
356, 0.418 0.477 0.71 0.313 0.091 0.648 0.365 Sleep stage R;
357, 0.427 0.441 0.673 0.381 0.061 0.644 0.381 Sleep stage R;
358, 0.391 0.447 0.536 0.454 0.056 0.648 0.365 Sleep stage R;
359, 0.344 0.53 0.545 0.28 0.091 0.647 0.586 Sleep stage R;
360, 0.311 0.535 0.561 0.315 0.065 0.651 0.425 Sleep stage R;
361, 0.375 0.473 0.569 0.409 0.083 0.647 0.547 Sleep stage R;
362, 0.402 0.503 0.52 0.387 0.065 0.654 0.481 Sleep stage R;
363, 0.374 0.468 0.548 0.802 0.05 0.644 0.409 Sleep stage R;
364, 0.383 0.436 0.555 0.721 0.048 0.656 0.525 Sleep stage R;
365, 0.358 0.513 0.545 0.383 0.107 0.647 0.619 Sleep stage R;
366, 0.426 0.49 0.502 0.597 0.057 0.638 0.486 Sleep stage R;
367, 0.379 0.499 0.544 0.443 0.05 0.647 0.613 Sleep stage R;
368, 0.407 0.442 0.54 0.379 0.039 0.655 0.53 Sleep stage R;
369, 0.379 0.482 0.566 0.683 0.083 0.644 0.564 Sleep stage R;
370, 0.378 0.482 0.537 0.29 0.078 0.649 0.514 Sleep stage R;
371, 0.369 0.447 0.553 0.798 0.044 0.654 0.591 Sleep stage R;
372, 0.368 0.5 0.553 0.754 0.055 0.649 0.707 Sleep stage R;
373, 0.343 0.493 0.557 0.573 0.054 0.644 0.591 Sleep stage R;
374, 0.404 0.434 0.531 0.183 0.147 0.647 0.475 Sleep stage R;
375, 0.394 0.483 0.566 0.335 0.135 0.649 0.376 Sleep stage R;
376, 0.339 0.525 0.539 0.553 0.074 0.651 0.481 Sleep stage R;
377, 0.425 0.416 0.569 0.96 0.189 0.644 0.326 Sleep stage R;
378, 0.423 0.675 0.552 0.135 0.949 0.647 0.282 Sleep stage R;
379, 0.331 0.571 0.549 0.274 0.089 0.629 0.569 Sleep stage R;
380, 0.376 0.547 0.541 0.261 0.142 0.631 0.481 Sleep stage R;
381, 0.429 0.447 0.634 0.726 0.032 0.642 0.558 Sleep stage R;
382, 0.365 0.489 0.443 0.585 0.076 0.639 0.547 Sleep stage R;
383, 0.34 0.443 0.604 0.435 0.099 0.645 0.635 Sleep stage R;
384, 0.364 0.453 0.543 0.873 0.055 0.634 0.453 Sleep stage R;
385, 0.403 0.455 0.582 0.324 0.115 0.622 0.514 Sleep stage R;
386, 0.381 0.524 0.564 0.432 0.097 0.634 0.586 Sleep stage R;
387, 0.408 0.435 0.545 0.68 0.07 0.629 0.586 Sleep stage R;
388, 0.371 0.537 0.537 0.171 0.095 0.633 0.475 Sleep stage R;
389, 0.367 0.484 0.541 0.692 0.071 0.643 0.569 Sleep stage R;
390, 0.366 0.498 0.553 0.682 0.086 0.628 0.569 Sleep stage R;
391, 0.38 0.491 0.544 0.263 0.237 0.633 0.575 Sleep stage R;
392, 0.397 0.468 0.552 0.803 0.095 0.64 0.575 Sleep stage R;
393, 0.387 0.497 0.552 0.197 0.084 0.635 0.547 Sleep stage R;
394, 0.422 0.5 0.558 0.67 0.07 0.635 0.536 Sleep stage R;
395, 0.355 0.454 0.563 0.442 0.084 0.623 0.68 Sleep stage R;
396, 0.407 0.455 0.551 0.218 0.076 0.628 0.674 Sleep stage R;
397, 0.356 0.528 0.597 0.477 0.067 0.636 0.409 Sleep stage R;
398, 0.371 0.468 0.528 0.835 0.051 0.634 0.597 Sleep stage R;
399, 0.338 0.514 0.571 0.776 0.085 0.64 0.425 Sleep stage R;
400, 0.433 0.466 0.803 0.55 0.059 0.637 0.519 Sleep stage R;
401, 0.391 0.44 0.697 0.401 0.079 0.631 0.591 Sleep stage R;
402, 0.396 0.49 0.624 0.346 0.119 0.629 0.514 Sleep stage R;
403, 0.355 0.45 0.554 0.693 0.084 0.635 0.442 Sleep stage R;
404, 0.324 0.515 0.611 0.34 0.093 0.628 0.392 Sleep stage R;
405, 0.416 0.439 0.634 0.607 0.062 0.64 0.453 Sleep stage R;
406, 0.396 0.48 0.523 0.32 0.073 0.631 0.309 Sleep stage R;
407, 0.346 0.488 0.546 0.637 0.089 0.642 0.619 Sleep stage R;
408, 0.37 0.489 0.588 0.723 0.072 0.642 0.448 Sleep stage R;
409, 0.408 0.464 0.593 0.335 0.075 0.638 0.271 Sleep stage R;
410, 0.415 0.449 0.536 0.576 0.054 0.629 0.691 Sleep stage R;
411, 0.459 0.451 0.532 0.634 0.054 0.628 0.569 Sleep stage R;
412, 0.37 0.464 0.542 0.703 0.092 0.64 0.652 Sleep stage R;
413, 0.332 0.447 0.516 0.712 0.099 0.633 0.442 Sleep stage R;
414, 0.398 0.49 0.559 0.546 0.074 0.636 0.652 Sleep stage R;
415, 0.355 0.52 0.524 0.309 0.099 0.638 0.403 Sleep stage R;
416, 0.409 0.474 0.53 0.279 0.118 0.633 0.453 Sleep stage R;
417, 0.363 0.534 0.525 0.603 0.093 0.643 0.597 Sleep stage R;
418, 0.325 0.527 0.528 0.329 0.095 0.639 0.503 Sleep stage R;
419, 0.38 0.484 0.541 0.27 0.085 0.641 0.425 Sleep stage R;
420, 0.393 0.532 0.553 0.813 0.062 0.64 0.459 Sleep stage R;
421, 0.39 0.421 0.534 0.235 0.073 0.635 0.586 Sleep stage R;
422, 0.373 0.512 0.548 0.354 0.083 0.639 0.492 Sleep stage R;
423, 0.363 0.475 0.554 0.566 0.051 0.64 0.475 Sleep stage R;
424, 0.394 0.478 0.544 0.71 0.044 0.637 0.475 Sleep stage R;
425, 0.368 0.489 0.549 0.467 0.068 0.636 0.591 Sleep stage R;
426, 0.342 0.492 0.551 0.36 0.059 0.639 0.547 Sleep stage R;
427, 0.383 0.445 0.553 0.552 0.09 0.626 0.492 Sleep stage R;
428, 0.382 0.461 0.547 0.309 0.105 0.641 0.63 Sleep stage R;
429, 0.36 0.543 0.541 0.846 0.086 0.639 0.569 Sleep stage R;
430, 0.357 0.533 0.55 0.712 0.056 0.634 0.624 Sleep stage R;
431, 0.401 0.472 0.554 0.268 0.039 0.635 0.392 Sleep stage R;
432, 0.365 0.492 0.554 0.779 0.081 0.645 0.287 Sleep stage R;
433, 0.385 0.455 0.591 0.33 0.14 0.633 0.497 Sleep stage R;
434, 0.367 0.521 0.59 0.426 0.108 0.628 0.519 Sleep stage R;
435, 0.344 0.47 0.55 0.435 0.072 0.641 0.619 Sleep stage R;
436, 0.359 0.513 0.568 0.807 0.07 0.64 0.503 Sleep stage R;
437, 0.388 0.453 0.564 0.667 0.053 0.644 0.536 Sleep stage R;
438, 0.359 0.49 0.541 0.254 0.12 0.638 0.42 Sleep stage R;
439, 0.375 0.464 0.556 0.275 0.089 0.646 0.348 Sleep stage R;
440, 0.331 0.493 0.553 0.757 0.037 0.647 0.436 Sleep stage R;
441, 0.481 0.445 0.465 0.574 0.048 0.638 0.497 Sleep stage R;
442, 0.297 0.518 0.583 0.725 0.096 0.639 0.37 Sleep stage R;
443, 0.277 0.508 0.553 0.723 0.089 0.637 0.254 Sleep stage R;
444, 0.307 0.52 0.42 0.763 0.11 0.644 0.619 Sleep stage R;
445, 0.336 0.475 0.61 0.731 0.058 0.636 0.646 Sleep stage R;
446, 0.336 0.461 0.509 0.825 0.043 0.635 0.508 Sleep stage R;
447, 0.403 0.503 0.585 0.77 0.108 0.627 0.503 Sleep stage R;
448, 0.378 0.479 0.555 0.2 0.107 0.636 0.47 Sleep stage R;
449, 0.283 0.618 0.602 0.715 0.944 0.649 0.503 Sleep stage R;
450, 0.373 0.404 0.432 0.039 0.933 0.649 0.343 Sleep stage R;
451, 0.408 0.466 0.534 0.792 0.123 0.635 0.354 Sleep stage R;
452, 0.383 0.478 0.569 0.11 0.103 0.632 0.287 Sleep stage R;
453, 0.375 0.498 0.54 0.856 0.596 0.641 0.287 Sleep stage R;
454, 0.401 0.486 0.573 0.394 0.107 0.647 0.343 Sleep stage R;
455, 0.373 0.499 0.526 0.803 0.085 0.639 0.503 Sleep stage R;
456, 0.369 0.484 0.539 0.7 0.159 0.638 0.436 Sleep stage R;
457, 0.397 0.454 0.554 0.189 0.071 0.637 0.381 Sleep stage R;
458, 0.366 0.528 0.554 0.781 0.093 0.64 0.348 Sleep stage R;
459, 0.443 0.401 0.521 0.226 0.105 0.632 0.586 Sleep stage R;
460, 0.373 0.474 0.544 0.26 0.094 0.634 0.514 Sleep stage R;
461, 0.375 0.45 0.543 0.625 0.063 0.643 0.298 Sleep stage R;
462, 0.376 0.522 0.564 0.767 0.073 0.638 0.475 Sleep stage R;
463, 0.396 0.498 0.525 0.719 0.066 0.634 0.326 Sleep stage R;
464, 0.378 0.503 0.519 0.204 0.08 0.629 0.481 Sleep stage R;
465, 0.36 0.484 0.539 0.474 0.05 0.639 0.398 Sleep stage R;
466, 0.376 0.534 0.544 0.788 0.101 0.63 0.74 Sleep stage R;
467, 0.376 0.486 0.559 0.259 0.112 0.626 0.602 Sleep stage R;
468, 0.408 0.486 0.576 0.313 0.089 0.646 0.508 Sleep stage R;
469, 0.393 0.484 0.474 0.774 0.061 0.648 0.541 Sleep stage R;
470, 0.39 0.486 0.546 0.422 0.094 0.63 0.381 Sleep stage R;
471, 0.383 0.537 0.553 0.483 0.068 0.644 0.492 Sleep stage R;
472, 0.409 0.495 0.531 0.309 0.098 0.63 0.414 Sleep stage R;
473, 0.392 0.515 0.549 0.836 0.016 0.64 0.464 Sleep stage R;
474, 0.358 0.471 0.535 0.213 0.096 0.646 0.608 Sleep stage R;
475, 0.429 0.45 0.548 0.619 0.08 0.632 0.624 Sleep stage R;
476, 0.408 0.407 0.559 0.378 0.124 0.647 0.619 Sleep stage R;
477, 0.341 0.494 0.523 0.768 0.083 0.639 0.597 Sleep stage R;
478, 0.344 0.522 0.535 0.276 0.941 0.631 0.713 Sleep stage R;
479, 0.39 0.475 0.544 0.205 0.126 0.636 0.663 Sleep stage R;
480, 0.422 0.479 0.545 0.143 0.077 0.647 0.486 Sleep stage R;
481, 0.42 0.431 0.549 0.533 0.048 0.64 0.558 Sleep stage R;
482, 0.401 0.437 0.545 0.812 0.014 0.635 0.63 Sleep stage R;
483, 0.35 0.513 0.545 0.223 0.095 0.631 0.624 Sleep stage R;
484, 0.367 0.485 0.544 0.359 0.068 0.636 0.685 Sleep stage R;
485, 0.404 0.502 0.534 0.718 0.073 0.639 0.575 Sleep stage R;
486, 0.374 0.457 0.599 0.796 0.092 0.642 0.481 Sleep stage R;
487, 0.4 0.496 0.547 0.713 0.062 0.648 0.525 Sleep stage R;
488, 0.373 0.495 0.574 0.666 0.07 0.64 0.459 Sleep stage R;
489, 0.386 0.481 0.562 0.595 0.054 0.641 0.409 Sleep stage R;
490, 0.397 0.505 0.566 0.811 0.072 0.648 0.569 Sleep stage R;
491, 0.353 0.456 0.585 0.781 0.061 0.645 0.525 Sleep stage R;
492, 0.375 0.498 0.55 0.414 0.152 0.633 0.436 Sleep stage R;
493, 0.395 0.447 0.537 0.456 0.084 0.643 0.387 Sleep stage R;
494, 0.305 0.404 0.578 0.621 0.09 0.633 0.514 Sleep stage R;
495, 0.407 0.486 0.437 0.453 0.088 0.641 0.453 Sleep stage R;
496, 0.349 0.449 0.564 0.288 0.06 0.633 0.387 Sleep stage R;
497, 0.419 0.442 0.53 0.562 0.066 0.635 0.475 Sleep stage R;
498, 0.379 0.485 0.586 0.378 0.93 0.633 0.442 Sleep stage R;
499, 0.387 0.455 0.605 0.705 0.053 0.637 0.547 Sleep stage R;
500, 0.412 0.494 0.523 0.189 0.088 0.63 0.552 Sleep stage R;
501, 0.361 0.487 0.596 0.691 0.055 0.652 0.558 Sleep stage R;
502, 0.407 0.478 0.568 0.197 0.061 0.642 0.608 Sleep stage R;
503, 0.368 0.515 0.538 0.917 0.075 0.661 0.624 Sleep stage R;
504, 0.362 0.497 0.533 0.146 0.119 0.656 0.414 Sleep stage R;
505, 0.406 0.476 0.55 0.816 0.11 0.649 0.575 Sleep stage R;
506, 0.35 0.53 0.562 0.364 0.073 0.655 0.536 Sleep stage R;
507, 0.388 0.459 0.564 0.395 0.094 0.638 0.448 Sleep stage R;
508, 0.362 0.469 0.534 0.585 0.056 0.653 0.442 Sleep stage R;
509, 0.367 0.5 0.548 0.598 0.04 0.641 0.348 Sleep stage R;
510, 0.393 0.469 0.555 0.238 0.084 0.656 0.431 Sleep stage R;
511, 0.379 0.467 0.554 0.852 0.055 0.658 0.519 Sleep stage R;
512, 0.38 0.501 0.548 0.708 0.053 0.654 0.525 Sleep stage R;
513, 0.344 0.537 0.541 0.157 0.147 0.647 0.547 Sleep stage R;
514, 0.378 0.482 0.548 0.246 0.066 0.645 0.436 Sleep stage R;
515, 0.376 0.511 0.561 0.574 0.102 0.649 0.464 Sleep stage R;
516, 0.364 0.483 0.559 0.741 0.05 0.648 0.602 Sleep stage R;
517, 0.378 0.489 0.565 0.166 0.073 0.645 0.586 Sleep stage R;
518, 0.382 0.465 0.548 0.578 0.056 0.659 0.575 Sleep stage R;
519, 0.365 0.511 0.543 0.857 0.124 0.654 0.381 Sleep stage R;
520, 0.34 0.473 0.556 0.175 0.182 0.655 0.591 Sleep stage R;
521, 0.378 0.493 0.548 0.924 0.109 0.649 0.42 Sleep stage R;
522, 0.368 0.503 0.546 0.166 0.09 0.652 0.343 Sleep stage R;
523, 0.391 0.481 0.535 0.559 0.057 0.659 0.42 Sleep stage R;
524, 0.356 0.489 0.557 0.709 0.073 0.657 0.492 Sleep stage R;
525, 0.515 0.516 0.449 0.568 0.308 0.653 0.635 Sleep stage R;
526, 0.372 0.456 0.554 0.672 0.123 0.65 0.492 Sleep stage R;
527, 0.374 0.422 0.602 0.443 0.096 0.648 0.475 Sleep stage R;
528, 0.403 0.474 0.564 0.241 0.899 0.65 0.282 Sleep stage R;
529, 0.346 0.515 0.545 0.82 0.051 0.659 0.354 Sleep stage R;
530, 0.369 0.487 0.553 0.658 0.079 0.65 0.298 Sleep stage R;
531, 0.362 0.505 0.554 0.151 0.075 0.643 0.47 Sleep stage R;
532, 0.371 0.49 0.561 0.793 0.059 0.653 0.232 Sleep stage R;
533, 0.358 0.598 0.545 0.286 0.052 0.64 0.42 Sleep stage R;
534, 0.37 0.528 0.552 0.405 0.058 0.652 0.414 Sleep stage R;
535, 0.348 0.497 0.541 0.898 0.069 0.657 0.519 Sleep stage R;
536, 0.376 0.489 0.556 0.875 0.089 0.65 0.564 Sleep stage R;
537, 0.391 0.468 0.568 0.493 0.067 0.65 0.32 Sleep stage R;
538, 0.361 0.497 0.562 0.464 0.103 0.659 0.541 Sleep stage R;
539, 0.402 0.489 0.562 0.398 0.056 0.65 0.425 Sleep stage R;
540, 0.325 0.48 0.562 0.178 0.072 0.65 0.536 Sleep stage R;
541, 0.363 0.464 0.59 0.419 0.055 0.644 0.608 Sleep stage R;
542, 0.437 0.447 0.488 0.652 0.068 0.645 0.558 Sleep stage R;
543, 0.418 0.461 0.548 0.595 0.089 0.656 0.641 Sleep stage R;
544, 0.363 0.466 0.508 0.677 0.089 0.654 0.481 Sleep stage R;
545, 0.354 0.527 0.568 0.164 0.074 0.648 0.575 Sleep stage R;
546, 0.365 0.504 0.548 0.253 0.087 0.664 0.497 Sleep stage R;
547, 0.392 0.428 0.553 0.738 0.106 0.655 0.58 Sleep stage R;
548, 0.371 0.536 0.538 0.316 0.077 0.652 0.586 Sleep stage R;
549, 0.36 0.551 0.525 0.428 0.223 0.659 0.481 Sleep stage R;
550, 0.452 0.477 0.534 0.807 0.076 0.648 0.392 Sleep stage R;
551, 0.431 0.466 0.559 0.126 0.073 0.642 0.486 Sleep stage R;
552, 0.43 0.474 0.516 0.639 0.055 0.653 0.503 Sleep stage R;
553, 0.422 0.451 0.545 0.7 0.078 0.644 0.558 Sleep stage R;
554, 0.405 0.451 0.498 0.152 0.136 0.653 0.558 Sleep stage R;
555, 0.378 0.476 0.562 0.852 0.047 0.655 0.564 Sleep stage R;
556, 0.405 0.44 0.547 0.134 0.097 0.642 0.724 Sleep stage R;
557, 0.351 0.497 0.532 0.972 0.062 0.654 0.481 Sleep stage R;
558, 0.365 0.498 0.555 0.133 0.062 0.647 0.453 Sleep stage R;
559, 0.392 0.465 0.534 0.832 0.068 0.657 0.536 Sleep stage R;
560, 0.398 0.449 0.542 0.211 0.43 0.645 0.525 Sleep stage R;
561, 0.361 0.494 0.554 0.93 0.142 0.638 0.564 Sleep stage R;
562, 0.381 0.509 0.555 0.196 0.071 0.643 0.519 Sleep stage R;
563, 0.387 0.491 0.556 0.825 0.048 0.637 0.536 Sleep stage R;
564, 0.351 0.522 0.544 0.32 0.056 0.645 0.409 Sleep stage R;
565, 0.383 0.451 0.546 0.658 0.079 0.64 0.431 Sleep stage R;
566, 0.358 0.508 0.549 0.344 0.067 0.649 0.525 Sleep stage R;
567, 0.364 0.48 0.575 0.829 0.068 0.647 0.492 Sleep stage R;
568, 0.394 0.472 0.527 0.286 0.093 0.647 0.564 Sleep stage R;
569, 0.423 0.483 0.557 0.185 0.058 0.657 0.403 Sleep stage R;
570, 0.369 0.492 0.551 0.587 0.049 0.656 0.315 Sleep stage R;
571, 0.339 0.507 0.585 0.802 0.045 0.65 0.298 Sleep stage R;
572, 0.368 0.468 0.604 0.369 0.095 0.644 0.541 Sleep stage R;
573, 0.391 0.511 0.527 0.165 0.08 0.653 0.486 Sleep stage R;
574, 0.322 0.542 0.549 0.256 0.086 0.649 0.492 Sleep stage R;
575, 0.351 0.524 0.563 0.71 0.062 0.655 0.564 Sleep stage R;
576, 0.391 0.513 0.481 0.263 0.057 0.643 0.564 Sleep stage R;
577, 0.361 0.497 0.584 0.819 0.093 0.65 0.53 Sleep stage R;
578, 0.367 0.494 0.546 0.147 0.071 0.647 0.619 Sleep stage R;
579, 0.413 0.449 0.575 0.333 0.084 0.656 0.586 Sleep stage R;
580, 0.381 0.465 0.553 0.466 0.085 0.645 0.398 Sleep stage R;
581, 0.356 0.526 0.376 0.633 0.939 0.662 0.293 Sleep stage R;
582, 0.278 0.36 0.553 0.246 0.947 0.655 0.481 Sleep stage R;
583, 0.397 0.477 0.541 0.494 0.95 0.645 0.481 Sleep stage R;
584, 0.344 0.539 0.528 0.284 0.129 0.643 0.508 Sleep stage R;
585, 0.401 0.474 0.573 0.954 0.036 0.647 0.602 Sleep stage R;
586, 0.378 0.473 0.546 0.243 0.094 0.648 0.591 Sleep stage R;
587, 0.357 0.484 0.563 0.81 0.053 0.64 0.591 Sleep stage R;
588, 0.4 0.477 0.543 0.543 0.059 0.647 0.58 Sleep stage R;
589, 0.376 0.504 0.575 0.962 0.183 0.64 0.691 Sleep stage R;
590, 0.361 0.487 0.539 0.146 0.094 0.648 0.53 Sleep stage R;
591, 0.372 0.485 0.557 0.593 0.031 0.65 0.602 Sleep stage R;
592, 0.367 0.457 0.52 0.15 0.103 0.64 0.685 Sleep stage R;
593, 0.372 0.483 0.554 0.868 0.027 0.645 0.514 Sleep stage R;
594, 0.38 0.423 0.54 0.301 0.067 0.631 0.431 Sleep stage R;
595, 0.358 0.497 0.548 0.838 0.045 0.642 0.547 Sleep stage R;
596, 0.386 0.466 0.548 0.173 0.08 0.642 0.586 Sleep stage R;
597, 0.362 0.489 0.547 0.953 0.077 0.638 0.702 Sleep stage R;
598, 0.367 0.482 0.561 0.186 0.075 0.649 0.751 Sleep stage R;
599, 0.372 0.452 0.559 0.517 0.062 0.643 0.464 Sleep stage R;
600, 0.373 0.471 0.567 0.891 0.077 0.641 0.735 Sleep stage R;
601, 0.342 0.521 0.545 0.162 0.137 0.652 0.481 Sleep stage R;
602, 0.364 0.506 0.555 0.857 0.088 0.649 0.47 Sleep stage R;
603, 0.324 0.572 0.541 0.212 0.087 0.644 0.597 Sleep stage R;
604, 0.408 0.441 0.551 0.564 0.032 0.655 0.376 Sleep stage R;
605, 0.418 0.498 0.549 0.246 0.071 0.633 0.453 Sleep stage R;
606, 0.358 0.524 0.539 0.234 0.079 0.649 0.32 Sleep stage R;
607, 0.375 0.477 0.566 0.704 0.063 0.651 0.475 Sleep stage R;
608, 0.378 0.48 0.53 0.832 0.061 0.644 0.453 Sleep stage R;
609, 0.382 0.45 0.542 0.144 0.052 0.645 0.525 Sleep stage R;
610, 0.397 0.495 0.555 0.947 0.091 0.648 0.652 Sleep stage R;
611, 0.439 0.401 0.554 0.203 0.06 0.641 0.63 Sleep stage R;
612, 0.368 0.503 0.548 0.528 0.073 0.635 0.685 Sleep stage R;
613, 0.395 0.489 0.524 0.294 0.146 0.626 0.696 Sleep stage R;
614, 0.398 0.511 0.515 0.127 0.055 0.642 0.597 Sleep stage R;
615, 0.364 0.492 0.535 0.669 0.023 0.652 0.691 Sleep stage R;
616, 0.376 0.508 0.558 0.819 0.093 0.644 0.773 Sleep stage R;
617, 0.362 0.505 0.541 0.288 0.08 0.635 0.547 Sleep stage R;
618, 0.356 0.46 0.574 0.147 0.07 0.64 0.464 Sleep stage R;
619, 0.487 0.451 0.716 0.442 0.09 0.639 0.53 Sleep stage R;
620, 0.384 0.458 0.568 0.663 0.062 0.65 0.586 Sleep stage R;
621, 0.368 0.481 0.522 0.79 0.077 0.641 0.564 Sleep stage R;
622, 0.378 0.468 0.585 0.859 0.66 0.638 0.702 Sleep stage R;
623, 0.368 0.492 0.538 0.798 0.08 0.644 0.564 Sleep stage R;
624, 0.413 0.428 0.523 0.174 0.073 0.642 0.569 Sleep stage R;
625, 0.376 0.484 0.541 0.471 0.056 0.651 0.47 Sleep stage R;
626, 0.403 0.48 0.584 0.899 0.062 0.656 0.702 Sleep stage R;
627, 0.349 0.499 0.54 0.506 0.072 0.633 0.773 Sleep stage R;
628, 0.373 0.473 0.534 0.172 0.105 0.641 0.558 Sleep stage R;
629, 0.365 0.52 0.571 0.525 0.053 0.645 0.674 Sleep stage R;
630, 0.268 0.501 0.616 0.306 0.088 0.644 0.646 Sleep stage R;
631, 0.345 0.472 0.513 0.302 0.083 0.643 0.58 Sleep stage R;
632, 0.375 0.492 0.571 0.449 0.05 0.648 0.442 Sleep stage R;
633, 0.331 0.532 0.556 0.788 0.06 0.643 0.481 Sleep stage R;
634, 0.291 0.542 0.708 0.846 0.078 0.655 0.58 Sleep stage R;
635, 0.343 0.496 0.51 0.73 0.027 0.645 0.564 Sleep stage R;
636, 0.404 0.497 0.558 0.225 0.066 0.633 0.541 Sleep stage R;
637, 0.394 0.472 0.537 0.179 0.912 0.641 0.486 Sleep stage R;
638, 0.366 0.456 0.566 0.944 0.11 0.642 0.552 Sleep stage R;
639, 0.349 0.521 0.57 0.164 0.089 0.63 0.459 Sleep stage R;
640, 0.355 0.451 0.532 0.736 0.058 0.643 0.403 Sleep stage R;
641, 0.371 0.487 0.553 0.683 0.082 0.634 0.497 Sleep stage R;
642, 0.406 0.466 0.545 0.252 0.066 0.642 0.37 Sleep stage R;
643, 0.378 0.45 0.558 0.864 0.07 0.643 0.464 Sleep stage R;
644, 0.394 0.47 0.566 0.495 0.201 0.637 0.696 Sleep stage R;
645, 0.503 0.534 0.527 0.342 0.061 0.63 0.486 Sleep stage R;
646, 0.364 0.495 0.552 0.293 0.034 0.637 0.575 Sleep stage R;
647, 0.361 0.513 0.541 0.942 0.945 0.636 0.536 Sleep stage R;
648, 0.504 0.293 0.421 0.187 0.933 0.65 0.641 Sleep stage R;
649, 0.414 0.43 0.547 0.64 0.05 0.642 0.663 Sleep stage R;
650, 0.399 0.448 0.559 0.517 0.086 0.654 0.724 Sleep stage R;
651, 0.411 0.501 0.546 0.334 0.085 0.649 0.619 Sleep stage R;
652, 0.478 0.511 0.461 0.493 0.051 0.653 0.564 Sleep stage R;
653, 0.369 0.515 0.525 0.34 0.158 0.646 0.569 Sleep stage R;
654, 0.404 0.465 0.561 0.281 0.303 0.651 0.591 Sleep stage R;
655, 0.375 0.486 0.557 0.415 0.073 0.651 0.403 Sleep stage R;
656, 0.413 0.442 0.546 0.706 0.048 0.657 0.431 Sleep stage R;
657, 0.4 0.485 0.552 0.411 0.08 0.649 0.58 Sleep stage R;
658, 0.42 0.493 0.548 0.429 0.084 0.655 0.547 Sleep stage R;
659, 0.372 0.489 0.548 0.674 0.065 0.656 0.425 Sleep stage R;
660, 0.386 0.387 0.545 0.363 0.054 0.657 0.365 Sleep stage R;
661, 0.371 0.484 0.546 0.655 0.028 0.657 0.475 Sleep stage R;
662, 0.405 0.443 0.549 0.412 0.062 0.652 0.481 Sleep stage R;
663, 0.391 0.462 0.536 0.596 0.052 0.663 0.591 Sleep stage R;
664, 0.409 0.446 0.554 0.398 0.07 0.651 0.514 Sleep stage R;
665, 0.399 0.445 0.557 0.549 0.08 0.649 0.508 Sleep stage R;
666, 0.331 0.593 0.534 0.479 0.039 0.657 0.635 Sleep stage R;
667, 0.417 0.492 0.549 0.629 0.053 0.655 0.564 Sleep stage R;
668, 0.396 0.476 0.551 0.431 0.085 0.652 0.514 Sleep stage R;
669, 0.373 0.443 0.579 0.453 0.041 0.655 0.674 Sleep stage R;
670, 0.357 0.466 0.552 0.496 0.029 0.65 0.486 Sleep stage R;
671, 0.385 0.472 0.553 0.571 0.066 0.655 0.464 Sleep stage R;
672, 0.377 0.472 0.554 0.697 0.098 0.648 0.326 Sleep stage R;
673, 0.355 0.502 0.561 0.483 0.086 0.65 0.481 Sleep stage R;
674, 0.382 0.51 0.546 0.301 0.093 0.65 0.475 Sleep stage R;
675, 0.36 0.566 0.543 0.543 0.073 0.658 0.641 Sleep stage R;
676, 0.364 0.519 0.55 0.579 0.115 0.647 0.53 Sleep stage R;
677, 0.36 0.439 0.543 0.301 0.083 0.65 0.508 Sleep stage R;
678, 0.366 0.491 0.537 0.384 0.073 0.659 0.436 Sleep stage R;
679, 0.433 0.406 0.559 0.402 0.092 0.656 0.453 Sleep stage R;
680, 0.363 0.51 0.539 0.423 0.105 0.658 0.547 Sleep stage R;
681, 0.386 0.439 0.551 0.666 0.048 0.65 0.525 Sleep stage R;
682, 0.342 0.508 0.569 0.378 0.086 0.652 0.387 Sleep stage R;
683, 0.387 0.452 0.558 0.655 0.149 0.652 0.552 Sleep stage R;
684, 0.392 0.45 0.538 0.378 0.07 0.639 0.403 Sleep stage R;
685, 0.405 0.464 0.553 0.691 0.059 0.641 0.436 Sleep stage R;
686, 0.395 0.486 0.552 0.395 0.061 0.643 0.298 Sleep stage R;
687, 0.364 0.482 0.535 0.597 0.643 0.647 0.481 Sleep stage R;
688, 0.372 0.557 0.55 0.536 0.066 0.642 0.575 Sleep stage R;
689, 0.389 0.504 0.538 0.365 0.066 0.647 0.398 Sleep stage R;
690, 0.408 0.44 0.546 0.357 0.08 0.653 0.464 Sleep stage R;
691, 0.398 0.487 0.552 0.595 0.045 0.655 0.42 Sleep stage R;
692, 0.387 0.489 0.548 0.658 0.101 0.651 0.497 Sleep stage R;
693, 0.37 0.486 0.554 0.456 0.071 0.653 0.635 Sleep stage R;
694, 0.419 0.498 0.538 0.332 0.068 0.656 0.602 Sleep stage R;
695, 0.362 0.489 0.54 0.657 0.037 0.655 0.619 Sleep stage R;
696, 0.323 0.501 0.544 0.309 0.114 0.644 0.768 Sleep stage R;
697, 0.381 0.508 0.553 0.727 0.082 0.657 0.646 Sleep stage R;
698, 0.358 0.462 0.546 0.738 0.062 0.657 0.53 Sleep stage R;
699, 0.366 0.524 0.55 0.523 0.078 0.656 0.58 Sleep stage R;
700, 0.36 0.529 0.545 0.586 0.059 0.656 0.674 Sleep stage R;
701, 0.349 0.494 0.533 0.562 0.042 0.658 0.425 Sleep stage R;
702, 0.406 0.432 0.557 0.469 0.066 0.652 0.663 Sleep stage R;
703, 0.39 0.499 0.538 0.451 0.079 0.659 0.646 Sleep stage R;
704, 0.367 0.513 0.537 0.628 0.073 0.653 0.773 Sleep stage R;
705, 0.402 0.47 0.546 0.326 0.047 0.651 0.597 Sleep stage R;
706, 0.384 0.532 0.537 0.425 0.068 0.654 0.646 Sleep stage R;
707, 0.325 0.545 0.545 0.684 0.042 0.659 0.674 Sleep stage R;
708, 0.338 0.486 0.559 0.357 0.045 0.655 0.536 Sleep stage R;
709, 0.387 0.491 0.551 0.504 0.057 0.656 0.398 Sleep stage R;
710, 0.383 0.479 0.547 0.708 0.088 0.659 0.575 Sleep stage R;
711, 0.357 0.514 0.549 0.694 0.097 0.657 0.58 Sleep stage R;
712, 0.373 0.511 0.561 0.643 0.066 0.653 0.503 Sleep stage R;
713, 0.358 0.498 0.55 0.345 0.075 0.652 0.652 Sleep stage R;
714, 0.389 0.461 0.545 0.631 0.039 0.655 0.696 Sleep stage R;
715, 0.383 0.468 0.546 0.576 0.103 0.652 0.519 Sleep stage R;
716, 0.381 0.501 0.545 0.367 0.064 0.662 0.503 Sleep stage R;
717, 0.35 0.506 0.553 0.433 0.079 0.651 0.785 Sleep stage R;
718, 0.328 0.509 0.537 0.625 0.096 0.664 0.63 Sleep stage R;
719, 0.375 0.467 0.562 0.623 0.077 0.655 0.597 Sleep stage R;
720, 0.367 0.489 0.561 0.357 0.062 0.657 0.669 Sleep stage R;
721, 0.371 0.492 0.553 0.72 0.091 0.654 0.597 Sleep stage R;
722, 0.389 0.525 0.543 0.303 0.175 0.644 0.674 Sleep stage R;
723, 0.4 0.471 0.523 0.352 0.286 0.649 0.762 Sleep stage R;
724, 0.393 0.463 0.588 0.563 0.068 0.656 0.569 Sleep stage R;
725, 0.368 0.482 0.561 0.674 0.066 0.651 0.53 Sleep stage R;
726, 0.366 0.422 0.605 0.342 0.078 0.654 0.58 Sleep stage R;
727, 0.419 0.465 0.504 0.4 0.06 0.653 0.42 Sleep stage R;
728, 0.419 0.482 0.566 0.619 0.058 0.659 0.398 Sleep stage R;
729, 0.373 0.473 0.553 0.632 0.045 0.654 0.442 Sleep stage R;
730, 0.363 0.546 0.558 0.453 0.076 0.657 0.381 Sleep stage R;
731, 0.38 0.466 0.61 0.437 0.06 0.651 0.376 Sleep stage R;
732, 0.294 0.473 0.565 0.505 0.111 0.655 0.475 Sleep stage R;
733, 0.4 0.456 0.562 0.747 0.076 0.653 0.453 Sleep stage R;
734, 0.353 0.431 0.548 0.654 0.374 0.655 0.541 Sleep stage R;
735, 0.358 0.496 0.559 0.293 0.42 0.647 0.558 Sleep stage R;
736, 0.349 0.545 0.548 0.393 0.071 0.66 0.409 Sleep stage R;
737, 0.387 0.447 0.524 0.737 0.054 0.658 0.586 Sleep stage R;
738, 0.328 0.549 0.566 0.583 0.043 0.661 0.514 Sleep stage R;
739, 0.343 0.498 0.551 0.36 0.068 0.653 0.619 Sleep stage R;
740, 0.483 0.383 0.574 0.536 0.085 0.655 0.63 Sleep stage R;
741, 0.387 0.498 0.549 0.618 0.034 0.652 0.525 Sleep stage R;
742, 0.387 0.472 0.533 0.299 0.057 0.656 0.591 Sleep stage R;
743, 0.41 0.405 0.574 0.625 0.069 0.657 0.564 Sleep stage R;
744, 0.386 0.454 0.551 0.398 0.075 0.652 0.519 Sleep stage R;
745, 0.358 0.511 0.545 0.518 0.05 0.659 0.42 Sleep stage R;
746, 0.379 0.489 0.558 0.402 0.083 0.651 0.591 Sleep stage R;
747, 0.425 0.46 0.551 0.535 0.068 0.663 0.492 Sleep stage R;
748, 0.383 0.428 0.558 0.478 0.101 0.656 0.508 Sleep stage R;
749, 0.284 0.629 0.546 0.351 0.158 0.657 0.508 Sleep stage R;
750, 0.383 0.441 0.566 0.741 0.079 0.662 0.624 Sleep stage R;
751, 0.38 0.459 0.497 0.357 0.088 0.66 0.564 Sleep stage R;
752, 0.345 0.506 0.555 0.638 0.085 0.654 0.575 Sleep stage R;
753, 0.415 0.45 0.548 0.308 0.047 0.664 0.729 Sleep stage R;
754, 0.312 0.508 0.568 0.687 0.089 0.662 0.751 Sleep stage R;
755, 0.368 0.498 0.546 0.298 0.039 0.658 0.558 Sleep stage R;
756, 0.374 0.474 0.551 0.4 0.089 0.66 0.652 Sleep stage R;
757, 0.357 0.493 0.545 0.579 0.078 0.656 0.525 Sleep stage R;
758, 0.37 0.495 0.557 0.495 0.344 0.658 0.464 Sleep stage R;
759, 0.372 0.507 0.561 0.633 0.101 0.661 0.508 Sleep stage R;
760, 0.368 0.461 0.552 0.338 0.1 0.659 0.541 Sleep stage R;
761, 0.374 0.486 0.537 0.518 0.059 0.659 0.591 Sleep stage R;
762, 0.378 0.499 0.541 0.325 0.244 0.659 0.508 Sleep stage R;
763, 0.354 0.491 0.556 0.417 0.111 0.657 0.58 Sleep stage R;
764, 0.447 0.408 0.55 0.365 0.042 0.671 0.508 Sleep stage R;
765, 0.409 0.432 0.532 0.592 0.08 0.66 0.564 Sleep stage R;
766, 0.332 0.558 0.532 0.579 0.091 0.651 0.613 Sleep stage R;
767, 0.318 0.545 0.567 0.286 0.941 0.67 0.464 Sleep stage R;
768, 0.248 0.749 0.537 0.653 0.926 0.663 0.448 Sleep stage R;
769, 0.451 0.392 0.537 0.97 0.054 0.67 0.624 Sleep stage R;
770, 0.395 0.432 0.542 0.078 0.125 0.673 0.392 Sleep stage R;
771, 0.399 0.407 0.543 0.965 0.081 0.671 0.519 Sleep stage R;
772, 0.499 0.404 0.539 0.857 0.116 0.659 0.586 Sleep stage R;
773, 0.397 0.449 0.561 0.127 0.065 0.664 0.608 Sleep stage R;
774, 0.39 0.481 0.559 0.115 0.083 0.669 0.575 Sleep stage R;
775, 0.393 0.485 0.525 0.935 0.015 0.678 0.448 Sleep stage R;
776, 0.401 0.499 0.526 0.104 0.06 0.664 0.597 Sleep stage R;
777, 0.336 0.544 0.553 0.968 0.062 0.676 0.591 Sleep stage R;
778, 0.385 0.538 0.544 0.288 0.066 0.665 0.691 Sleep stage R;
779, 0.423 0.401 0.515 0.148 0.109 0.675 0.53 Sleep stage R;
780, 0.381 0.468 0.615 0.48 0.04 0.672 0.696 Sleep stage R;
781, 0.45 0.483 0.504 0.34 0.061 0.662 0.663 Sleep stage R;
782, 0.493 0.431 0.412 0.306 0.064 0.649 0.481 Sleep stage R;
783, 0.364 0.468 0.565 0.472 0.05 0.657 0.503 Sleep stage R;
784, 0.388 0.465 0.533 0.319 0.106 0.655 0.602 Sleep stage R;
785, 0.369 0.483 0.555 0.208 0.086 0.656 0.619 Sleep stage R;
786, 0.373 0.486 0.556 0.137 0.085 0.666 0.597 Sleep stage R;
787, 0.412 0.459 0.58 0.206 0.085 0.666 0.42 Sleep stage R;
788, 0.426 0.437 0.593 0.163 0.079 0.652 0.541 Sleep stage R;
789, 0.35 0.483 0.564 0.095 0.083 0.669 0.315 Sleep stage R;
790, 0.39 0.492 0.513 0.484 0.062 0.674 0.47 Sleep stage R;
791, 0.385 0.456 0.612 0.322 0.083 0.672 0.646 Sleep stage R;
792, 0.405 0.482 0.516 0.244 0.082 0.658 0.541 Sleep stage R;
793, 0.373 0.478 0.555 0.097 0.09 0.665 0.481 Sleep stage R;
794, 0.344 0.54 0.516 0.391 0.084 0.679 0.536 Sleep stage R;
795, 0.442 0.446 0.588 0.65 0.042 0.671 0.569 Sleep stage R;
796, 0.376 0.46 0.548 0.118 0.076 0.665 0.519 Sleep stage R;
797, 0.397 0.452 0.546 0.802 0.037 0.676 0.569 Sleep stage R;
798, 0.338 0.521 0.563 0.351 0.071 0.661 0.586 Sleep stage R;
799, 0.412 0.466 0.576 0.161 0.107 0.66 0.624 Sleep stage R;
800, 0.37 0.481 0.554 0.355 0.042 0.671 0.525 Sleep stage R;
801, 0.364 0.48 0.528 0.802 0.099 0.665 0.613 Sleep stage R;
802, 0.393 0.485 0.539 0.907 0.108 0.667 0.724 Sleep stage R;
803, 0.355 0.521 0.561 0.148 0.108 0.665 0.613 Sleep stage R;
804, 0.388 0.55 0.474 0.214 0.093 0.663 0.691 Sleep stage R;
805, 0.397 0.494 0.537 0.881 0.059 0.674 0.602 Sleep stage R;
806, 0.332 0.482 0.504 0.582 0.044 0.66 0.547 Sleep stage R;
807, 0.408 0.473 0.563 0.164 0.121 0.662 0.74 Sleep stage R;
808, 0.371 0.494 0.588 0.461 0.103 0.662 0.597 Sleep stage R;
809, 0.376 0.487 0.522 0.135 0.134 0.672 0.624 Sleep stage R;
810, 0.389 0.482 0.545 0.625 0.071 0.67 0.751 Sleep stage R;
811, 0.376 0.455 0.547 0.9 0.067 0.672 0.552 Sleep stage R;
812, 0.374 0.487 0.565 0.132 0.055 0.675 0.541 Sleep stage R;
813, 0.375 0.532 0.558 0.864 0.273 0.666 0.425 Sleep stage R;
814, 0.411 0.448 0.553 0.198 0.098 0.664 0.47 Sleep stage R;
815, 0.381 0.518 0.61 0.252 0.091 0.66 0.503 Sleep stage R;
816, 0.379 0.458 0.524 0.301 0.051 0.664 0.597 Sleep stage R;
817, 0.4 0.431 0.583 0.521 0.099 0.657 0.602 Sleep stage R;
818, 0.383 0.483 0.594 0.39 0.063 0.664 0.646 Sleep stage R;
819, 0.376 0.502 0.556 0.446 0.082 0.665 0.757 Sleep stage R;
820, 0.367 0.51 0.561 0.877 0.06 0.664 0.685 Sleep stage R;
821, 0.433 0.453 0.639 0.505 0.084 0.663 0.552 Sleep stage R;
822, 0.412 0.447 0.54 0.378 0.078 0.672 0.564 Sleep stage R;
823, 0.407 0.487 0.541 0.913 0.058 0.667 0.718 Sleep stage R;
824, 0.375 0.443 0.608 0.184 0.074 0.654 0.674 Sleep stage R;
825, 0.403 0.392 0.546 0.604 0.114 0.669 0.525 Sleep stage R;
826, 0.372 0.47 0.557 0.316 0.071 0.657 0.724 Sleep stage R;
827, 0.357 0.499 0.524 0.354 0.055 0.664 0.63 Sleep stage R;
828, 0.356 0.482 0.534 0.785 0.057 0.661 0.558 Sleep stage R;
829, 0.358 0.488 0.546 0.155 0.071 0.664 0.591 Sleep stage R;
830, 0.416 0.452 0.424 0.238 0.071 0.654 0.68 Sleep stage R;
831, 0.388 0.473 0.562 0.705 0.12 0.654 0.591 Sleep stage R;
832, 0.376 0.49 0.465 0.498 0.056 0.658 0.503 Sleep stage R;
833, 0.405 0.45 0.542 0.848 0.044 0.662 0.564 Sleep stage R;
834, 0.389 0.478 0.594 0.879 0.065 0.659 0.414 Sleep stage R;
835, 0.378 0.5 0.528 0.741 0.074 0.657 0.547 Sleep stage R;
836, 0.344 0.524 0.366 0.66 0.082 0.66 0.481 Sleep stage R;
837, 0.378 0.568 0.477 0.823 0.097 0.67 0.53 Sleep stage R;
838, 0.407 0.484 0.647 0.899 0.06 0.669 0.547 Sleep stage R;
839, 0.38 0.443 0.566 0.903 0.074 0.666 0.448 Sleep stage R;
840, 0.372 0.499 0.473 0.35 0.14 0.666 0.63 Sleep stage R;
841, 0.4 0.472 0.516 0.244 0.097 0.658 0.558 Sleep stage R;
842, 0.389 0.504 0.587 0.467 0.079 0.659 0.646 Sleep stage R;
843, 0.393 0.46 0.544 0.714 0.103 0.663 0.536 Sleep stage R;
844, 0.401 0.444 0.673 0.258 0.09 0.655 0.751 Sleep stage R;
845, 0.414 0.508 0.556 0.824 0.807 0.657 0.713 Sleep stage R;
846, 0.33 0.531 0.459 0.789 0.115 0.665 0.652 Sleep stage R;
847, 0.415 0.511 0.523 0.819 0.082 0.661 0.773 Sleep stage R;
848, 0.4 0.51 0.481 0.083 0.182 0.654 0.785 Sleep stage R;
849, 0.397 0.484 0.565 0.138 0.109 0.658 0.602 Sleep stage R;
850, 0.432 0.414 0.545 0.981 0.056 0.665 0.641 Sleep stage R;
851, 0.387 0.454 0.559 0.188 0.272 0.657 0.519 Sleep stage R;
852, 0.402 0.445 0.556 0.355 0.113 0.665 0.608 Sleep stage R;
853, 0.364 0.517 0.556 0.681 0.082 0.664 0.718 Sleep stage R;
854, 0.325 0.507 0.683 0.503 0.099 0.657 0.536 Sleep stage R;
855, 0.33 0.473 0.534 0.721 0.07 0.658 0.685 Sleep stage R;
856, 0.385 0.456 0.502 0.902 0.066 0.666 0.569 Sleep stage R;
857, 0.353 0.457 0.545 0.673 0.094 0.655 0.602 Sleep stage R;
858, 0.371 0.465 0.564 0.161 0.057 0.658 0.569 Sleep stage R;
859, 0.376 0.476 0.544 0.217 0.101 0.658 0.536 Sleep stage R;
860, 0.533 0.516 0.537 0.418 0.085 0.667 0.514 Sleep stage R;
861, 0.361 0.426 0.564 0.555 0.059 0.667 0.541 Sleep stage R;
862, 0.357 0.504 0.551 0.274 0.079 0.655 0.503 Sleep stage R;
863, 0.509 0.517 0.57 0.222 0.107 0.654 0.79 Sleep stage R;
864, 0.408 0.444 0.565 0.259 0.034 0.656 0.58 Sleep stage R;
865, 0.385 0.505 0.56 0.83 0.099 0.661 0.713 Sleep stage R;
866, 0.288 0.378 0.907 0.806 0.044 0.659 0.68 Sleep stage R;
867, 0.39 0.509 0.507 0.458 0.047 0.666 0.674 Sleep stage R;
868, 0.359 0.497 0.553 0.642 0.058 0.664 0.53 Sleep stage R;
869, 0.415 0.452 0.585 0.233 0.044 0.667 0.453 Sleep stage R;
870, 0.381 0.502 0.535 0.77 0.081 0.673 0.365 Sleep stage R;
871, 0.335 0.514 0.574 0.883 0.049 0.668 0.503 Sleep stage R;
872, 0.339 0.462 0.573 0.769 0.05 0.667 0.459 Sleep stage R;
873, 0.382 0.439 0.571 0.76 0.055 0.658 0.591 Sleep stage R;
874, 0.41 0.402 0.596 0.382 0.111 0.652 0.414 Sleep stage R;
875, 0.357 0.498 0.539 0.234 0.068 0.667 0.481 Sleep stage R;
876, 0.435 0.363 0.565 0.319 0.092 0.656 0.453 Sleep stage R;
877, 0.369 0.478 0.593 0.597 0.074 0.662 0.541 Sleep stage R;
878, 0.359 0.542 0.586 0.435 0.079 0.658 0.591 Sleep stage R;
879, 0.369 0.447 0.544 0.115 0.073 0.667 0.459 Sleep stage R;
880, 0.472 0.511 0.441 0.182 0.07 0.656 0.624 Sleep stage R;
881, 0.383 0.478 0.52 0.353 0.1 0.659 0.552 Sleep stage R;
882, 0.429 0.553 0.577 0.396 0.918 0.666 0.37 Sleep stage R;
883, 0.395 0.465 0.532 0.308 0.129 0.648 0.663 Sleep stage R;
884, 0.401 0.409 0.488 0.373 0.074 0.656 0.63 Sleep stage R;
885, 0.485 0.474 0.606 0.41 0.075 0.667 0.613 Sleep stage R;
886, 0.358 0.468 0.587 0.858 0.05 0.661 0.508 Sleep stage R;
887, 0.412 0.487 0.51 0.275 0.167 0.658 0.624 Sleep stage R;
888, 0.425 0.431 0.542 0.441 0.1 0.659 0.635 Sleep stage R;
889, 0.355 0.496 0.549 0.118 0.085 0.672 0.575 Sleep stage R;
890, 0.367 0.546 0.543 0.924 0.056 0.659 0.641 Sleep stage R;
891, 0.382 0.509 0.546 0.096 0.076 0.665 0.591 Sleep stage R;
892, 0.365 0.497 0.544 0.841 0.081 0.662 0.696 Sleep stage R;
893, 0.39 0.512 0.437 0.576 0.951 0.662 0.569 Sleep stage R;
894, 0.347 0.461 0.61 0.005 0.978 0.667 0.53 Sleep stage R;
895, 0.349 0.522 0.538 0.165 0.072 0.659 0.702 Sleep stage R;
896, 0.362 0.476 0.533 0.857 0.031 0.668 0.696 Sleep stage R;
897, 0.346 0.512 0.543 0.46 0.071 0.664 0.657 Sleep stage R;
898, 0.393 0.438 0.537 0.21 0.041 0.671 0.63 Sleep stage R;
899, 0.378 0.479 0.573 0.81 0.065 0.669 0.536 Sleep stage R;
900, 0.326 0.518 0.524 0.207 0.073 0.656 0.657 Sleep stage R;
901, 0.416 0.48 0.533 0.786 0.036 0.664 0.652 Sleep stage R;
902, 0.384 0.479 0.529 0.692 0.061 0.659 0.768 Sleep stage R;
903, 0.373 0.486 0.554 0.595 0.076 0.664 0.746 Sleep stage R;
904, 0.318 0.493 0.551 0.388 0.074 0.658 0.68 Sleep stage R;
905, 0.427 0.468 0.539 0.448 0.078 0.672 0.586 Sleep stage R;
906, 0.38 0.497 0.551 0.64 0.078 0.658 0.492 Sleep stage R;
907, 0.38 0.505 0.557 0.433 0.089 0.675 0.53 Sleep stage R;
908, 0.427 0.505 0.569 0.439 0.085 0.662 0.525 Sleep stage R;
909, 0.317 0.484 0.564 0.759 0.26 0.673 0.53 Sleep stage R;
910, 0.387 0.507 0.546 0.683 0.239 0.667 0.613 Sleep stage R;
911, 0.386 0.487 0.573 0.419 0.562 0.671 0.464 Sleep stage R;
912, 0.304 0.475 0.656 0.253 0.146 0.659 0.514 Sleep stage R;
913, 0.362 0.493 0.516 0.421 0.094 0.669 0.442 Sleep stage R;
914, 0.403 0.432 0.488 0.56 0.084 0.662 0.707 Sleep stage R;
915, 0.438 0.4 0.506 0.302 0.135 0.671 0.696 Sleep stage R;
916, 0.349 0.455 0.472 0.672 0.16 0.669 0.613 Sleep stage R;
917, 0.357 0.525 0.587 0.241 0.108 0.666 0.696 Sleep stage R;
918, 0.391 0.507 0.527 0.663 0.114 0.669 0.646 Sleep stage R;
919, 0.359 0.492 0.553 0.55 0.264 0.662 0.608 Sleep stage R;
920, 0.342 0.517 0.575 0.516 0.107 0.677 0.657 Sleep stage R;
921, 0.345 0.543 0.536 0.762 0.112 0.658 0.801 Sleep stage R;
922, 0.448 0.543 0.512 0.237 0.077 0.66 0.624 Sleep stage R;
923, 0.309 0.533 0.535 0.435 0.099 0.661 0.63 Sleep stage R;
924, 0.456 0.433 0.653 0.639 0.096 0.664 0.718 Sleep stage R;
925, 0.382 0.482 0.566 0.809 0.09 0.668 0.674 Sleep stage R;
926, 0.371 0.47 0.6 0.734 0.205 0.663 0.757 Sleep stage R;
927, 0.362 0.446 0.474 0.613 0.665 0.66 0.641 Sleep stage R;
928, 0.404 0.469 0.562 0.202 0.141 0.665 0.47 Sleep stage R;
929, 0.365 0.493 0.555 0.844 0.064 0.67 0.597 Sleep stage R;
930, 0.368 0.484 0.508 0.382 0.09 0.665 0.42 Sleep stage R;
931, 0.38 0.472 0.551 0.358 0.061 0.672 0.575 Sleep stage R;
932, 0.4 0.499 0.614 0.398 0.067 0.671 0.436 Sleep stage R;
933, 0.376 0.468 0.684 0.601 0.078 0.672 0.613 Sleep stage R;
934, 0.356 0.51 0.537 0.254 0.314 0.676 0.503 Sleep stage R;
935, 0.374 0.513 0.507 0.716 0.742 0.679 0.635 Sleep stage R;
936, 0.358 0.491 0.505 0.689 0.926 0.673 0.497 Sleep stage R;
937, 0.419 0.441 0.527 0.304 0.24 0.672 0.564 Sleep stage R;
938, 0.382 0.471 0.538 0.266 0.091 0.668 0.564 Sleep stage R;
939, 0.361 0.501 0.551 0.663 0.067 0.678 0.613 Sleep stage R;
940, 0.388 0.459 0.569 0.327 0.079 0.673 0.459 Sleep stage R;
941, 0.441 0.516 0.609 0.284 0.073 0.669 0.685 Sleep stage R;
942, 0.437 0.477 0.493 0.652 0.055 0.665 0.591 Sleep stage R;
943, 0.399 0.427 0.495 0.424 0.094 0.662 0.718 Sleep stage R;
944, 0.411 0.494 0.519 0.437 0.077 0.671 0.685 Sleep stage R;
945, 0.343 0.499 0.476 0.562 0.056 0.669 0.768 Sleep stage R;
946, 0.387 0.511 0.52 0.337 0.13 0.678 0.68 Sleep stage R;
947, 0.374 0.516 0.534 0.248 0.127 0.671 0.613 Sleep stage R;
948, 0.366 0.508 0.546 0.391 0.07 0.665 0.481 Sleep stage R;
949, 0.317 0.433 0.585 0.3 0.077 0.668 0.613 Sleep stage R;
950, 0.318 0.537 0.452 0.3 0.046 0.677 0.575 Sleep stage R;
951, 0.369 0.49 0.587 0.311 0.069 0.671 0.591 Sleep stage R;
952, 0.382 0.45 0.561 0.581 0.077 0.672 0.762 Sleep stage R;
953, 0.417 0.503 0.471 0.259 0.07 0.672 0.475 Sleep stage R;
954, 0.362 0.486 0.548 0.257 0.102 0.672 0.657 Sleep stage R;
955, 0.398 0.497 0.533 0.237 0.106 0.672 0.486 Sleep stage R;
956, 0.33 0.584 0.566 0.403 0.107 0.684 0.718 Sleep stage R;
957, 0.375 0.458 0.483 0.332 0.115 0.681 0.552 Sleep stage R;
958, 0.432 0.416 0.609 0.406 0.057 0.686 0.591 Sleep stage R;
959, 0.374 0.477 0.502 0.637 0.06 0.676 0.602 Sleep stage R;
960, 0.382 0.476 0.465 0.45 0.074 0.68 0.508 Sleep stage R;
961, 0.454 0.49 0.486 0.416 0.14 0.681 0.669 Sleep stage R;
962, 0.421 0.539 0.465 0.835 0.065 0.671 0.669 Sleep stage R;
963, 0.368 0.538 0.626 0.701 0.038 0.679 0.448 Sleep stage R;
964, 0.351 0.465 0.342 0.341 0.048 0.674 0.309 Sleep stage R;
965, 0.333 0.525 0.619 0.692 0.069 0.681 0.646 Sleep stage R;
966, 0.394 0.442 0.552 0.793 0.075 0.68 0.541 Sleep stage R;
967, 0.399 0.468 0.433 0.76 0.094 0.686 0.597 Sleep stage R;
968, 0.423 0.445 0.547 0.668 0.085 0.686 0.591 Sleep stage R;
969, 0.361 0.476 0.588 0.048 0.1 0.682 0.425 Sleep stage R;
970, 0.405 0.479 0.591 0.701 0.091 0.684 0.431 Sleep stage R;
971, 0.365 0.467 0.562 0.768 0.103 0.668 0.227 Sleep stage R;
972, 0.39 0.425 0.544 0.249 0.095 0.681 0.376 Sleep stage R;
973, 0.396 0.478 0.546 0.72 0.078 0.671 0.365 Sleep stage R;
974, 0.36 0.505 0.553 0.433 0.061 0.692 0.436 Sleep stage R;
975, 0.399 0.433 0.54 0.634 0.094 0.676 0.608 Sleep stage R;
976, 0.391 0.468 0.553 0.244 0.088 0.691 0.525 Sleep stage R;
977, 0.379 0.471 0.558 0.714 0.027 0.681 0.552 Sleep stage R;
978, 0.388 0.48 0.559 0.236 0.084 0.681 0.691 Sleep stage R;
979, bang;
