1, 0.319 0.586 0.544 0.206 0.949 0.679 0.525 Sleep stage 3;
2, 0.417 0.468 0.532 0.311 0.946 0.692 0.486 Sleep stage 3;
3, 0.382 0.423 0.578 0.377 0.949 0.676 0.525 Sleep stage 3;
4, 0.275 0.479 0.589 0.534 0.927 0.692 0.431 Sleep stage 3;
5, 0.369 0.535 0.506 0.132 0.939 0.671 0.409 Sleep stage 3;
6, 0.347 0.578 0.555 0.713 0.88 0.698 0.32 Sleep stage 3;
7, 0.425 0.544 0.561 0.091 0.946 0.671 0.37 Sleep stage 3;
8, 0.445 0.394 0.523 0.29 0.939 0.695 0.42 Sleep stage 3;
9, 0.321 0.467 0.566 0.919 0.909 0.684 0.387 Sleep stage 3;
10, 0.402 0.47 0.538 0.081 0.939 0.678 0.309 Sleep stage 3;
11, 0.4 0.532 0.55 0.85 0.953 0.689 0.613 Sleep stage 3;
12, 0.343 0.576 0.557 0.221 0.938 0.675 0.464 Sleep stage 3;
13, 0.337 0.563 0.568 0.911 0.912 0.683 0.398 Sleep stage 3;
14, 0.411 0.389 0.56 0.288 0.952 0.678 0.459 Sleep stage 3;
15, 0.364 0.569 0.527 0.409 0.914 0.688 0.348 Sleep stage 3;
16, 0.494 0.159 0.628 0.301 0.921 0.672 0.276 Sleep stage 3;
17, 0.364 0.544 0.562 0.28 0.939 0.689 0.331 Sleep stage 3;
18, 0.285 0.577 0.545 0.813 0.941 0.664 0.442 Sleep stage 3;
19, 0.391 0.544 0.512 0.289 0.949 0.686 0.602 Sleep stage 3;
20, 0.391 0.503 0.526 0.658 0.926 0.656 0.442 Sleep stage 3;
21, 0.562 0.745 0.53 0.149 0.935 0.668 0.492 Sleep stage 3;
22, 0.568 0.429 0.567 0.948 0.919 0.67 0.503 Sleep stage 3;
23, 0.397 0.524 0.537 0.044 0.98 0.668 0.575 Sleep stage 3;
24, 0.321 0.54 0.555 0.664 0.9 0.688 0.381 Sleep stage 3;
25, 0.161 1 0.535 0.493 0.912 0.671 0.287 Sleep stage 3;
26, 0.491 0.473 0.54 0.676 0.946 0.662 0.558 Sleep stage 3;
27, 0.379 0.46 0.573 0.491 0.956 0.679 0.735 Sleep stage 3;
28, 0.227 0.593 0.553 0.827 0.928 0.664 0.552 Sleep stage 3;
29, 0.276 0.578 0.548 0.141 0.925 0.684 0.436 Sleep stage 3;
30, 0.384 0.523 0.546 0.887 0.904 0.675 0.436 Sleep stage 3;
31, 0.364 0.439 0.626 0.268 0.947 0.665 0.547 Sleep stage 3;
32, 0.381 0.345 0.57 0.274 0.911 0.684 0.486 Sleep stage 3;
33, 0.244 0.758 0.536 0.803 0.925 0.666 0.624 Sleep stage 3;
34, 0.397 0.389 0.547 0.152 0.935 0.684 0.464 Sleep stage 3;
35, 0.454 0.448 0.562 0.893 0.9 0.675 0.508 Sleep stage 3;
36, 0.25 0.424 0.553 0.092 0.952 0.672 0.591 Sleep stage 3;
37, 0.227 0.703 0.487 0.986 0.887 0.681 0.646 Sleep stage 3;
38, 0.205 0.638 0.572 0.5 0.933 0.667 0.591 Sleep stage 3;
39, 0.408 0.589 0.546 0.102 0.95 0.679 0.486 Sleep stage 3;
40, 0.328 0.453 0.538 0.943 0.894 0.681 0.514 Sleep stage 3;
41, 0.288 0.604 0.635 0.136 0.935 0.662 0.547 Sleep stage 3;
42, 0.35 0.498 0.569 0.547 0.944 0.671 0.608 Sleep stage 3;
43, 0.443 0.449 0.544 0.061 0.947 0.655 0.547 Sleep stage 3;
44, 0.326 0.497 0.547 0.964 0.879 0.667 0.486 Sleep stage 3;
45, 0.381 0.507 0.563 0.073 0.972 0.65 0.525 Sleep stage 3;
46, 0.318 0.379 0.506 0.26 0.9 0.667 0.47 Sleep stage 3;
47, 0.314 0.451 0.537 0.868 0.867 0.671 0.525 Sleep stage 3;
48, 0.381 0.398 0.589 0.165 0.88 0.657 0.464 Sleep stage 3;
49, 0.57 0.3 0.534 0.242 0.89 0.673 0.475 Sleep stage 3;
50, 0.395 0.672 0.548 0.965 0.923 0.67 0.431 Sleep stage 3;
51, 0.299 0.405 0.515 0.092 0.932 0.664 0.381 Sleep stage 3;
52, 0.309 0.769 0.561 0.485 0.898 0.669 0.265 Sleep stage 3;
53, 0.617 0.265 0.544 0.921 0.846 0.659 0.414 Sleep stage 3;
54, 0.322 0.468 0.567 0.08 0.937 0.662 0.392 Sleep stage 3;
55, 0.397 0.505 0.544 0.083 0.923 0.664 0.569 Sleep stage 3;
56, 0.394 0.626 0.502 0.965 0.844 0.667 0.613 Sleep stage 3;
57, 0.391 0.303 0.502 0.067 0.86 0.66 0.442 Sleep stage 3;
58, 0.123 0.6 0.543 0.816 0.912 0.676 0.58 Sleep stage 3;
59, 0.449 0.378 0.54 0.728 0.822 0.655 0.47 Sleep stage 3;
60, 0.449 0.464 0.513 0.066 0.923 0.653 0.525 Sleep stage 3;
61, 0.424 0.379 0.554 0.127 0.897 0.649 0.425 Sleep stage 3;
62, 0.352 0.205 0.589 0.287 0.93 0.662 0.276 Sleep stage 3;
63, 0.397 0.583 0.504 0.948 0.816 0.665 0.32 Sleep stage 3;
64, 0.328 0.544 0.558 0.1 0.907 0.659 0.21 Sleep stage 3;
65, 0.537 0.568 0.576 0.76 0.859 0.662 0.398 Sleep stage 3;
66, 0.309 0.426 0.596 0.538 0.852 0.657 0.215 Sleep stage 3;
67, 0.291 0.686 0.586 0.123 0.854 0.651 0.392 Sleep stage 3;
68, 0.405 0.488 0.552 0.928 0.881 0.651 0.343 Sleep stage 3;
69, 0.394 0.301 0.537 0.091 0.951 0.655 0.398 Sleep stage 3;
70, 0.34 0.442 0.561 0.431 0.853 0.669 0.381 Sleep stage 3;
71, 0.315 0.612 0.513 0.924 0.916 0.664 0.398 Sleep stage 3;
72, 0.446 0.462 0.574 0.068 0.848 0.649 0.354 Sleep stage 3;
73, 0.317 0.447 0.577 0.575 0.884 0.653 0.492 Sleep stage 3;
74, 0.404 0.32 0.6 0.928 0.907 0.652 0.486 Sleep stage 3;
75, 0.486 0.473 0.52 0.079 0.875 0.644 0.552 Sleep stage 3;
76, 0.402 0.611 0.497 0.776 0.872 0.654 0.63 Sleep stage 3;
77, 0.332 0.366 0.536 0.267 0.904 0.642 0.635 Sleep stage 3;
78, 0.526 0.442 0.556 0.283 0.909 0.652 0.475 Sleep stage 3;
79, 0.337 0.376 0.564 0.484 0.851 0.634 0.47 Sleep stage 3;
80, 0.45 0.653 0.523 0.223 0.937 0.658 0.453 Sleep stage 3;
81, 0.432 0.596 0.569 0.95 0.802 0.643 0.409 Sleep stage 3;
82, 0.434 0.393 0.542 0.068 0.932 0.648 0.624 Sleep stage 3;
83, 0.357 0.318 0.561 0.876 0.902 0.656 0.365 Sleep stage 3;
84, 0.361 0.422 0.537 0.713 0.895 0.645 0.464 Sleep stage 3;
85, 0.462 0.365 0.56 0.075 0.935 0.638 0.287 Sleep stage 3;
86, 0.184 0.906 0.55 0.48 0.905 0.65 0.326 Sleep stage 3;
87, 0.308 0.555 0.562 0.372 0.953 0.637 0.442 Sleep stage 3;
88, 0.395 0.509 0.558 0.409 0.885 0.649 0.331 Sleep stage 3;
89, 0.369 0.362 0.578 0.747 0.914 0.636 0.47 Sleep stage 3;
90, 0.313 0.528 0.561 0.193 0.909 0.654 0.166 Sleep stage 3;
91, 0.243 0.543 0.546 0.927 0.877 0.647 0.271 Sleep stage 3;
92, 0.317 0.326 0.606 0.165 0.942 0.635 0.365 Sleep stage 3;
93, 0.408 0.603 0.616 0.07 0.99 0.652 0.63 Sleep stage 3;
94, 0.235 0.325 0.645 0.502 0.922 0.653 0.403 Sleep stage 3;
95, 0.472 0.424 0.55 0.201 0.963 0.658 0.608 Sleep stage 3;
96, 0.462 0.457 0.565 0.665 0.93 0.652 0.409 Sleep stage 3;
97, 0.386 0.509 0.523 0.236 0.921 0.644 0.365 Sleep stage 3;
98, 0.423 0.411 0.546 0.775 0.902 0.642 0.481 Sleep stage 3;
99, 0.397 0.433 0.533 0.399 0.918 0.656 0.381 Sleep stage 3;
100, 0.354 0.511 0.541 0.5 0.944 0.637 0.47 Sleep stage 3;
101, 0.38 0.399 0.553 0.833 0.899 0.655 0.403 Sleep stage 3;
102, 0.447 0.444 0.548 0.554 0.936 0.641 0.503 Sleep stage 3;
103, 0.316 0.543 0.529 0.57 0.788 0.624 0.414 Sleep stage 3;
104, 0.375 0.52 0.564 0.232 0.805 0.639 0.171 Sleep stage 3;
105, 0.338 0.556 0.566 0.812 0.895 0.632 0.298 Sleep stage 3;
106, 0.352 0.43 0.564 0.232 0.832 0.635 0.188 Sleep stage 3;
107, 0.544 0.385 0.567 0.491 0.731 0.636 0.138 Sleep stage 3;
108, 0.304 0.17 0.585 0.477 0.836 0.62 0.376 Sleep stage 3;
109, 0.355 0.483 0.538 0.567 0.056 0.616 0.459 Sleep stage 3;
110, 0.433 0.488 0.547 0.664 0.056 0.608 0.387 Sleep stage 3;
111, 0.303 0.617 0.552 0.248 0.089 0.611 0.481 Sleep stage 3;
112, 0.425 0.469 0.537 0.542 0.045 0.619 0.47 Sleep stage 3;
113, 0.336 0.518 0.541 0.743 0.163 0.615 0.597 Sleep stage 3;
114, 0.33 0.544 0.544 0.3 0.067 0.608 0.613 Sleep stage 3;
115, 0.422 0.567 0.507 0.7 0.073 0.608 0.586 Sleep stage 3;
116, 0.39 0.51 0.541 0.241 0.082 0.605 0.442 Sleep stage 3;
117, 0.443 0.47 0.538 0.595 0.095 0.616 0.735 Sleep stage 3;
118, 0.366 0.552 0.573 0.596 0.068 0.611 0.635 Sleep stage 3;
119, 0.33 0.52 0.554 0.274 0.077 0.613 0.348 Sleep stage 3;
120, 0.368 0.511 0.549 0.818 0.067 0.614 0.425 Sleep stage 3;
121, 0.421 0.825 0.528 0.667 0.039 0.616 0.37 Sleep stage 3;
122, 0.321 0.376 0.523 0.727 0.096 0.606 0.337 Sleep stage 3;
123, 0.329 0.58 0.571 0.242 0.059 0.613 0.459 Sleep stage 3;
124, 0.358 0.589 0.536 0.804 0.089 0.611 0.552 Sleep stage 3;
125, 0.315 0.452 0.568 0.504 0.069 0.614 0.597 Sleep stage 3;
126, 0.392 0.407 0.569 0.248 0.086 0.614 0.409 Sleep stage 3;
127, 0.339 0.538 0.545 0.472 0.049 0.618 0.436 Sleep stage 3;
128, 0.346 0.648 0.536 0.809 0.071 0.616 0.459 Sleep stage 3;
129, 0.309 0.39 0.571 0.221 0.061 0.616 0.453 Sleep stage 3;
130, 0.411 0.296 0.544 0.451 0.04 0.617 0.475 Sleep stage 3;
131, 0.257 0.706 0.543 0.835 0.05 0.61 0.724 Sleep stage 3;
132, 0.433 0.43 0.549 0.219 0.065 0.609 0.525 Sleep stage 3;
133, 0.288 0.572 0.551 0.745 0.485 0.615 0.486 Sleep stage 3;
134, 0.352 0.311 0.55 0.238 0.452 0.61 0.558 Sleep stage 3;
135, 0.372 0.526 0.513 0.276 0.449 0.611 0.442 Sleep stage 3;
136, 0.438 0.381 0.547 0.689 0.37 0.623 0.669 Sleep stage 3;
137, 0.4 0.58 0.52 0.631 0.36 0.609 0.492 Sleep stage 3;
138, 0.296 0.487 0.562 0.208 0.463 0.607 0.414 Sleep stage 3;
139, 0.553 0.504 0.536 0.501 0.51 0.603 0.431 Sleep stage 3;
140, 0.35 0.41 0.577 0.779 0.492 0.611 0.398 Sleep stage 3;
141, 0.535 0.566 0.53 0.186 0.488 0.599 0.635 Sleep stage 3;
142, 0.483 0.447 0.519 0.206 0.491 0.615 0.343 Sleep stage 3;
143, 0.457 0.464 0.538 0.613 0.503 0.618 0.26 Sleep stage 3;
144, 0.558 0.21 0.538 0.784 0.48 0.621 0.42 Sleep stage 3;
145, 0.405 0.371 0.531 0.842 0.512 0.612 0.354 Sleep stage 3;
146, 0.281 0.677 0.551 0.322 0.545 0.608 0.442 Sleep stage 3;
147, 0.397 0.414 0.553 0.184 0.578 0.614 0.464 Sleep stage 3;
148, 0.332 0.462 0.539 0.778 0.505 0.625 0.503 Sleep stage 3;
149, 0.293 0.496 0.531 0.713 0.53 0.615 0.448 Sleep stage 3;
150, 0.358 0.427 0.545 0.17 0.589 0.604 0.486 Sleep stage 3;
151, 0.511 0.326 0.558 0.137 0.543 0.61 0.315 Sleep stage 3;
152, 0.323 0.596 0.538 0.321 0.488 0.619 0.403 Sleep stage 3;
153, 0.303 0.692 0.553 0.862 0.425 0.607 0.569 Sleep stage 3;
154, 0.416 0.51 0.515 0.169 0.584 0.602 0.569 Sleep stage 3;
155, 0.339 0.427 0.581 0.412 0.598 0.614 0.398 Sleep stage 3;
156, 0.399 0.416 0.565 0.89 0.483 0.611 0.459 Sleep stage 3;
157, 0.386 0.638 0.58 0.701 0.504 0.608 0.552 Sleep stage 3;
158, 0.573 0.468 0.501 0.136 0.485 0.611 0.475 Sleep stage 3;
159, 0.41 0.525 0.499 0.678 0.522 0.614 0.464 Sleep stage 3;
160, 0.394 0.473 0.526 0.928 0.486 0.62 0.669 Sleep stage 3;
161, 0.23 0.757 0.532 0.127 0.49 0.606 0.691 Sleep stage 3;
162, 0.54 0.357 0.545 0.36 0.569 0.605 0.32 Sleep stage 3;
163, 0.328 0.476 0.594 0.889 0.421 0.61 0.464 Sleep stage 3;
164, 0.435 0.442 0.568 0.277 0.528 0.6 0.464 Sleep stage 3;
165, 0.523 0.172 0.554 0.179 0.598 0.609 0.459 Sleep stage 3;
166, 0.441 0.324 0.567 0.458 0.54 0.62 0.403 Sleep stage 3;
167, 0.455 0.507 0.546 0.902 0.535 0.61 0.392 Sleep stage 3;
168, 0.409 0.367 0.572 0.157 0.545 0.605 0.425 Sleep stage 3;
169, 0.343 0.401 0.563 0.197 0.464 0.611 0.448 Sleep stage 3;
170, 0.402 0.276 0.556 0.75 0.539 0.618 0.459 Sleep stage 3;
171, 0.249 0.505 0.512 0.845 0.424 0.617 0.558 Sleep stage 3;
172, 0.393 0.621 0.546 0.148 0.559 0.605 0.635 Sleep stage 3;
173, 0.57 0.231 0.562 0.593 0.458 0.622 0.436 Sleep stage 3;
174, 0.433 0.627 0.534 0.775 0.389 0.616 0.403 Sleep stage 3;
175, 0.282 0.488 0.555 0.135 0.563 0.613 0.343 Sleep stage 3;
176, 0.271 0.561 0.527 0.557 0.512 0.611 0.409 Sleep stage 3;
177, 0.369 0.734 0.513 0.774 0.568 0.606 0.613 Sleep stage 3;
178, 0.278 0.412 0.579 0.25 0.576 0.593 0.453 Sleep stage 3;
179, 0.247 0.723 0.543 0.398 0.43 0.614 0.398 Sleep stage 3;
180, 0.557 0.321 0.558 0.823 0.602 0.608 0.436 Sleep stage 3;
181, 0.389 0.524 0.599 0.239 0.636 0.62 0.68 Sleep stage 3;
182, 0.353 0.472 0.533 0.913 0.504 0.612 0.569 Sleep stage 3;
183, 0.324 0.356 0.531 0.432 0.461 0.602 0.564 Sleep stage 3;
184, 0.431 0.474 0.597 0.217 0.425 0.608 0.459 Sleep stage 3;
185, 0.501 0.501 0.504 0.89 0.378 0.613 0.475 Sleep stage 3;
186, 0.3 0.51 0.572 0.631 0.458 0.606 0.586 Sleep stage 3;
187, 0.389 0.439 0.55 0.927 0.508 0.616 0.387 Sleep stage 3;
188, 0.325 0.526 0.541 0.206 0.545 0.606 0.591 Sleep stage 3;
189, 0.377 0.593 0.583 0.217 0.472 0.608 0.392 Sleep stage 3;
190, 0.555 0.175 0.532 0.861 0.525 0.625 0.276 Sleep stage 3;
191, 0.243 0.621 0.503 0.608 0.588 0.607 0.525 Sleep stage 3;
192, 0.346 0.61 0.576 0.129 0.619 0.596 0.564 Sleep stage 3;
193, 0.349 0.615 0.59 0.167 0.612 0.609 0.42 Sleep stage 3;
194, 0.393 0.327 0.547 0.729 0.522 0.611 0.42 Sleep stage 3;
195, 0.481 0.253 0.569 0.834 0.496 0.612 0.514 Sleep stage 3;
196, 0.384 0.872 0.511 0.223 0.32 0.6 0.536 Sleep stage 3;
197, 0.352 0.338 0.568 0.249 0.471 0.618 0.42 Sleep stage 3;
198, 0.416 0.305 0.568 0.913 0.455 0.618 0.464 Sleep stage 3;
199, 0.456 0.346 0.548 0.642 0.464 0.613 0.409 Sleep stage 3;
200, 0.38 0.518 0.552 0.164 0.463 0.606 0.238 Sleep stage 3;
201, 0.333 0.428 0.579 0.632 0.405 0.617 0.403 Sleep stage 3;
202, 0.498 0.348 0.507 0.905 0.434 0.617 0.448 Sleep stage 3;
203, 0.36 0.468 0.551 0.135 0.471 0.607 0.58 Sleep stage 3;
204, 0.476 0.601 0.549 0.825 0.559 0.615 0.431 Sleep stage 3;
205, 0.393 0.641 0.527 0.326 0.524 0.608 0.486 Sleep stage 3;
206, 0.342 0.566 0.561 0.15 0.64 0.611 0.503 Sleep stage 3;
207, 0.524 0.157 0.572 0.611 0.518 0.62 0.448 Sleep stage 3;
208, 0.369 0.383 0.522 0.811 0.486 0.616 0.47 Sleep stage 3;
209, 0.247 0.651 0.554 0.367 0.504 0.614 0.58 Sleep stage 3;
210, 0.385 0.502 0.55 0.148 0.588 0.607 0.492 Sleep stage 3;
211, 0.376 0.472 0.556 0.856 0.504 0.616 0.475 Sleep stage 3;
212, 0.4 0.638 0.533 0.226 0.563 0.601 0.376 Sleep stage 3;
213, 0.125 0.631 0.612 0.323 0.451 0.619 0.42 Sleep stage 3;
214, 0.269 0.535 0.534 0.819 0.498 0.611 0.453 Sleep stage 3;
215, 0.401 0.698 0.567 0.161 0.395 0.601 0.403 Sleep stage 3;
216, 0.451 0.304 0.581 0.212 0.549 0.611 0.271 Sleep stage 3;
217, 0.499 0.452 0.57 0.384 0.622 0.613 0.293 Sleep stage 3;
218, 0.332 0.474 0.574 0.905 0.533 0.628 0.486 Sleep stage 3;
219, 0.308 0.477 0.575 0.137 0.502 0.609 0.514 Sleep stage 3;
220, 0.264 0.728 0.508 0.821 0.416 0.621 0.403 Sleep stage 3;
221, 0.259 0.341 0.577 0.766 0.492 0.607 0.409 Sleep stage 3;
222, 0.329 0.574 0.595 0.151 0.505 0.602 0.53 Sleep stage 3;
223, 0.511 0.118 0.587 0.917 0.56 0.613 0.331 Sleep stage 3;
224, 0.59 0.532 0.596 0.143 0.479 0.604 0.497 Sleep stage 3;
225, 0.451 0.455 0.573 0.291 0.439 0.609 0.348 Sleep stage 3;
226, 0.513 0.403 0.567 0.904 0.547 0.603 0.525 Sleep stage 3;
227, 0.243 0.74 0.526 0.155 0.562 0.611 0.343 Sleep stage 3;
228, 0.336 0.421 0.564 0.27 0.483 0.606 0.32 Sleep stage 3;
229, 0.277 0.495 0.582 0.835 0.459 0.619 0.32 Sleep stage 3;
230, 0.392 0.643 0.532 0.811 0.42 0.608 0.16 Sleep stage 3;
231, 0.264 0.582 0.527 0.277 0.608 0.604 0.337 Sleep stage 3;
232, 0.373 0.53 0.576 0.262 0.503 0.619 0.315 Sleep stage 3;
233, 0.31 0.487 0.574 0.862 0.476 0.609 0.348 Sleep stage 3;
234, 0.234 0.702 0.543 0.141 0.549 0.603 0.398 Sleep stage 3;
235, 0.113 0.532 0.554 0.422 0.524 0.623 0.392 Sleep stage 3;
236, 0.213 0.592 0.554 0.933 0.43 0.619 0.459 Sleep stage 3;
237, 0.283 0.644 0.543 0.18 0.557 0.606 0.53 Sleep stage 3;
238, 0.3 0.579 0.558 0.426 0.569 0.619 0.53 Sleep stage 3;
239, 0.337 0.354 0.552 0.755 0.478 0.615 0.696 Sleep stage 3;
240, 0.305 0.483 0.57 0.218 0.513 0.612 0.37 Sleep stage 3;
241, 0.27 0.571 0.558 0.888 0.452 0.613 0.63 Sleep stage 3;
242, 0.306 0.422 0.568 0.448 0.426 0.603 0.674 Sleep stage 3;
243, 0.606 0.453 0.576 0.142 0.545 0.596 0.729 Sleep stage 3;
244, 0.376 0.446 0.558 0.165 0.546 0.609 0.635 Sleep stage 3;
245, 0.207 0.715 0.587 0.917 0.501 0.615 0.564 Sleep stage 3;
246, 0.354 0.595 0.528 0.51 0.492 0.611 0.691 Sleep stage 3;
247, 0.364 0.561 0.59 0.2 0.62 0.607 0.586 Sleep stage 3;
248, 0.342 0.68 0.553 0.744 0.512 0.618 0.508 Sleep stage 3;
249, 0.22 0.395 0.58 0.718 0.409 0.604 0.448 Sleep stage 3;
250, 0.417 0.407 0.529 0.14 0.529 0.606 0.486 Sleep stage 3;
251, 0.328 0.666 0.54 0.868 0.53 0.616 0.436 Sleep stage 3;
252, 0.391 0.495 0.546 0.2 0.453 0.608 0.475 Sleep stage 3;
253, 0.658 0.167 0.604 0.221 0.548 0.616 0.575 Sleep stage 3;
254, 0.291 0.332 0.547 0.913 0.452 0.622 0.497 Sleep stage 3;
255, 0.405 0.39 0.553 0.182 0.596 0.615 0.508 Sleep stage 3;
256, 0.286 0.423 0.56 0.335 0.539 0.62 0.481 Sleep stage 3;
257, 0.354 0.495 0.542 0.794 0.469 0.622 0.58 Sleep stage 3;
258, 0.461 0.469 0.556 0.127 0.492 0.614 0.547 Sleep stage 3;
259, 0.35 0.463 0.537 0.547 0.512 0.622 0.503 Sleep stage 3;
260, 0.207 0.507 0.526 0.713 0.508 0.605 0.409 Sleep stage 3;
261, 0.254 0.585 0.566 0.137 0.584 0.6 0.508 Sleep stage 3;
262, 0.634 0.639 0.536 0.624 0.48 0.614 0.503 Sleep stage 3;
263, 0.403 0.193 0.568 0.667 0.529 0.605 0.309 Sleep stage 3;
264, 0.426 0.444 0.542 0.235 0.501 0.613 0.37 Sleep stage 3;
265, 0.398 0.516 0.492 0.446 0.94 0.615 0.569 Sleep stage 3;
266, 0.382 0.493 0.552 0.328 0.924 0.626 0.387 Sleep stage 3;
267, 0.539 0.441 0.47 0.548 0.931 0.618 0.497 Sleep stage 3;
268, 0.348 0.536 0.429 0.591 0.926 0.626 0.47 Sleep stage 3;
269, 0.397 0.476 0.568 0.358 0.939 0.614 0.547 Sleep stage 3;
270, 0.414 0.545 0.561 0.84 0.921 0.63 0.503 Sleep stage 3;
271, 0.287 0.379 0.562 0.784 0.932 0.601 0.552 Sleep stage 3;
272, 0.414 0.249 0.581 0.113 0.984 0.611 0.657 Sleep stage 3;
273, 0.376 0.709 0.475 0.84 0.926 0.605 0.326 Sleep stage 3;
274, 0.187 0.5 0.455 0.048 0.918 0.616 0.32 Sleep stage 3;
275, 0.358 0.723 0.518 0.596 0.943 0.609 0.575 Sleep stage 3;
276, 0.332 0.524 0.557 0.051 0.985 0.608 0.514 Sleep stage 3;
277, 0.393 0.434 0.519 0.563 0.944 0.633 0.387 Sleep stage 3;
278, 0.436 0.341 0.555 0.714 0.935 0.613 0.409 Sleep stage 3;
279, 0.417 0.397 0.554 0.168 0.943 0.62 0.282 Sleep stage 3;
280, 0.235 0.666 0.551 0.897 0.915 0.622 0.343 Sleep stage 3;
281, 0.474 0.329 0.543 0.084 0.942 0.613 0.315 Sleep stage 3;
282, 0.399 0.382 0.543 0.878 0.906 0.62 0.309 Sleep stage 3;
283, 0.369 0.514 0.569 0.905 0.913 0.625 0.47 Sleep stage 3;
284, 0.251 0.477 0.569 0.49 0.947 0.612 0.42 Sleep stage 3;
285, 0.322 0.623 0.535 0.148 0.944 0.63 0.536 Sleep stage 3;
286, 0.433 0.409 0.54 0.882 0.887 0.623 0.271 Sleep stage 3;
287, 0.481 0.45 0.55 0.132 0.914 0.622 0.199 Sleep stage 3;
288, 0.333 0.895 0.553 0.846 0.897 0.62 0.403 Sleep stage 3;
289, 0.504 0.647 0.537 0.089 0.923 0.625 0.304 Sleep stage 3;
290, 0.334 0.541 0.57 0.944 0.918 0.619 0.519 Sleep stage 3;
291, 0.289 0.507 0.546 0.445 0.959 0.611 0.547 Sleep stage 3;
292, 0.202 0.494 0.561 0.625 0.9 0.628 0.298 Sleep stage 3;
293, 0.393 0.454 0.535 0.191 0.936 0.61 0.486 Sleep stage 3;
294, 0.297 0.375 0.565 0.51 0.914 0.627 0.282 Sleep stage 3;
295, 0.321 0.593 0.515 0.736 0.922 0.613 0.359 Sleep stage 3;
296, 0.462 0.313 0.545 0.199 0.933 0.623 0.177 Sleep stage 3;
297, 0.494 0.602 0.543 0.839 0.893 0.622 0.381 Sleep stage 3;
298, 0.432 0.359 0.561 0.148 0.958 0.606 0.381 Sleep stage 3;
299, 0.521 0.224 0.545 0.429 0.906 0.624 0.475 Sleep stage 3;
300, 0.344 0.418 0.541 0.649 0.938 0.621 0.536 Sleep stage 3;
301, 0.462 0.479 0.563 0.113 0.929 0.623 0.442 Sleep stage 3;
302, 0.471 0.468 0.516 0.744 0.895 0.633 0.298 Sleep stage 3;
303, 0.131 0.725 0.566 0.463 0.906 0.62 0.453 Sleep stage 3;
304, 0.187 0.375 0.751 0.955 0.928 0.62 0.326 Sleep stage 3;
305, 0.546 0.253 0.796 0.13 0.939 0.63 0.381 Sleep stage 3;
306, 0.248 0.644 0.536 0.522 0.934 0.622 0.503 Sleep stage 3;
307, 0.456 0.457 0.558 0.655 0.944 0.616 0.613 Sleep stage 3;
308, 0.496 0.631 0.533 0.357 0.968 0.623 0.746 Sleep stage 3;
309, 0.276 0.489 0.536 0.897 0.926 0.623 0.436 Sleep stage 3;
310, 0.343 0.471 0.555 0.129 0.959 0.61 0.414 Sleep stage 3;
311, 0.361 0.52 0.539 0.576 0.906 0.629 0.287 Sleep stage 3;
312, 0.222 0.321 0.614 0.247 0.946 0.618 0.359 Sleep stage 3;
313, 0.363 0.506 0.558 0.297 0.95 0.623 0.481 Sleep stage 3;
314, 0.342 0.416 0.558 0.762 0.915 0.62 0.47 Sleep stage 3;
315, 0.324 0.546 0.56 0.163 0.93 0.617 0.508 Sleep stage 3;
316, 0.379 0.551 0.568 0.621 0.926 0.628 0.481 Sleep stage 3;
317, 0.461 0.512 0.546 0.644 0.917 0.613 0.403 Sleep stage 3;
318, 0.277 0.631 0.505 0.112 0.968 0.613 0.619 Sleep stage 3;
319, 0.467 0.48 0.497 0.476 0.511 0.623 0.298 Sleep stage 3;
320, 0.265 0.553 0.555 0.217 0.347 0.626 0.409 Sleep stage 3;
321, 0.396 0.488 0.571 0.823 0.598 0.633 0.464 Sleep stage 3;
322, 0.378 0.435 0.534 0.228 0.461 0.624 0.514 Sleep stage 3;
323, 0.408 0.314 0.594 0.427 0.367 0.631 0.448 Sleep stage 3;
324, 0.343 0.478 0.545 0.831 0.447 0.637 0.602 Sleep stage 3;
325, 0.47 0.513 0.528 0.189 0.476 0.621 0.558 Sleep stage 3;
326, 0.252 0.62 0.524 0.401 0.47 0.635 0.486 Sleep stage 3;
327, 0.486 0.643 0.577 0.616 0.927 0.635 0.486 Sleep stage 3;
328, 0.443 0.409 0.462 0.059 0.963 0.637 0.525 Sleep stage 3;
329, 0.135 0.543 0.588 0.083 0.962 0.627 0.481 Sleep stage 3;
330, 0.288 0.459 0.569 0.578 0.956 0.637 0.779 Sleep stage 3;
331, 0.335 0.501 0.562 0.538 0.395 0.637 0.486 Sleep stage 3;
332, 0.461 0.383 0.547 0.466 0.496 0.635 0.21 Sleep stage 3;
333, 0.233 0.563 0.551 0.329 0.469 0.629 0.365 Sleep stage 3;
334, 0.507 0.392 0.544 0.386 0.529 0.621 0.298 Sleep stage 3;
335, 0.393 0.504 0.549 0.696 0.438 0.631 0.37 Sleep stage 3;
336, 0.383 0.311 0.526 0.32 0.424 0.621 0.309 Sleep stage 3;
337, 0.493 0.226 0.54 0.481 0.513 0.621 0.271 Sleep stage 3;
338, 0.414 0.522 0.549 0.686 0.502 0.63 0.215 Sleep stage 3;
339, 0.234 0.536 0.557 0.542 0.48 0.633 0.271 Sleep stage 3;
340, 0.462 0.589 0.545 0.309 0.45 0.63 0.276 Sleep stage 3;
341, 0.4 0.403 0.538 0.524 0.529 0.636 0.481 Sleep stage 3;
342, 0.336 0.553 0.53 0.656 0.351 0.631 0.414 Sleep stage 3;
343, 0.408 0.471 0.57 0.689 0.565 0.626 0.525 Sleep stage 3;
344, 0.524 0.308 0.528 0.492 0.518 0.63 0.514 Sleep stage 3;
345, 0.476 0.467 0.547 0.325 0.596 0.629 0.475 Sleep stage 3;
346, 0.269 0.675 0.556 0.469 0.567 0.628 0.326 Sleep stage 3;
347, 0.384 0.534 0.551 0.722 0.443 0.637 0.459 Sleep stage 3;
348, 0.517 0.545 0.541 0.383 0.459 0.635 0.282 Sleep stage 3;
349, 0.402 0.435 0.558 0.687 0.47 0.631 0.486 Sleep stage 3;
350, 0.22 0.411 0.523 0.42 0.492 0.63 0.459 Sleep stage 3;
351, 0.485 0.568 0.535 0.291 0.442 0.621 0.519 Sleep stage 3;
352, 0.269 0.652 0.549 0.388 0.495 0.628 0.503 Sleep stage 3;
353, 0.402 0.417 0.556 0.706 0.485 0.636 0.37 Sleep stage 3;
354, 0.419 0.454 0.612 0.682 0.412 0.637 0.564 Sleep stage 3;
355, 0.451 0.486 0.537 0.723 0.851 0.636 0.464 Sleep stage 3;
356, 0.397 0.507 0.53 0.351 0.777 0.631 0.348 Sleep stage 3;
357, 0.269 0.547 0.575 0.359 0.914 0.644 0.459 Sleep stage 3;
358, 0.393 0.498 0.529 0.489 0.911 0.637 0.547 Sleep stage 3;
359, 0.347 0.546 0.545 0.769 0.909 0.64 0.646 Sleep stage 3;
360, 0.379 0.592 0.552 0.272 0.892 0.641 0.365 Sleep stage 3;
361, 0.427 0.478 0.539 0.49 0.504 0.649 0.47 Sleep stage 3;
362, 0.286 0.64 0.564 0.496 0.66 0.65 0.42 Sleep stage 3;
363, 0.35 0.497 0.58 0.493 0.629 0.653 0.425 Sleep stage 3;
364, 0.398 0.471 0.543 0.484 0.675 0.644 0.331 Sleep stage 3;
365, 0.357 0.518 0.531 0.485 0.788 0.653 0.481 Sleep stage 3;
366, 0.399 0.47 0.538 0.486 0.709 0.643 0.392 Sleep stage 3;
367, 0.367 0.513 0.552 0.496 0.684 0.641 0.508 Sleep stage 3;
368, 0.428 0.318 0.557 0.498 0.64 0.644 0.503 Sleep stage 3;
369, 0.455 0.432 0.566 0.478 0.802 0.651 0.508 Sleep stage 3;
370, 0.371 0.483 0.424 0.563 0.956 0.649 0.58 Sleep stage 3;
371, 0.454 0.506 0.602 0.538 0.919 0.651 0.442 Sleep stage 3;
372, 0.304 0.497 0.548 0.499 0.854 0.652 0.475 Sleep stage 3;
373, 0.397 0.532 0.562 0.526 0.188 0.651 0.691 Sleep stage 3;
374, 0.353 0.538 0.547 0.468 0.206 0.653 0.569 Sleep stage 3;
375, 0.062 0.347 0.558 0.483 0.236 0.657 0.453 Sleep stage 3;
376, 0.213 0.567 0.564 0.509 0.237 0.652 0.343 Sleep stage 3;
377, 0.402 0.463 0.537 0.472 0.194 0.663 0.497 Sleep stage 3;
378, 0.319 0.455 0.558 0.474 0.244 0.655 0.304 Sleep stage 3;
379, 0.342 0.474 0.561 0.495 0.839 0.675 0.26 Sleep stage 3;
380, 0.318 0.548 0.52 0.574 0.837 0.683 0.298 Sleep stage 3;
381, 0.352 0.542 0.554 0.656 0.872 0.686 0.37 Sleep stage 3;
382, 0.347 0.648 0.568 0.202 0.923 0.669 0.602 Sleep stage 3;
383, 0.33 0.636 0.55 0.643 0.856 0.677 0.448 Sleep stage 3;
384, 0.402 0.393 0.544 0.235 0.869 0.667 0.392 Sleep stage 3;
385, 0.459 0.502 0.527 0.501 0.87 0.677 0.414 Sleep stage 3;
386, 0.385 0.747 0.513 0.702 0.808 0.677 0.431 Sleep stage 3;
387, 0.419 0.384 0.565 0.231 0.897 0.671 0.47 Sleep stage 3;
388, 0.372 0.424 0.537 0.643 0.871 0.685 0.42 Sleep stage 3;
389, 0.439 0.251 0.588 0.646 0.86 0.674 0.42 Sleep stage 3;
390, 0.347 0.534 0.546 0.23 0.787 0.679 0.343 Sleep stage 3;
391, 0.399 0.53 0.519 0.53 0.846 0.687 0.315 Sleep stage 3;
392, 0.399 0.495 0.529 0.43 0.833 0.672 0.359 Sleep stage 3;
393, 0.415 0.476 0.531 0.375 0.871 0.679 0.326 Sleep stage 3;
394, 0.387 0.447 0.545 0.7 0.849 0.673 0.331 Sleep stage 3;
395, 0.321 0.645 0.565 0.457 0.873 0.665 0.381 Sleep stage 3;
396, 0.355 0.453 0.568 0.399 0.807 0.678 0.199 Sleep stage 3;
397, 0.372 0.44 0.547 0.562 0.571 0.684 0.232 Sleep stage 3;
398, 0.501 0.334 0.51 0.566 0.47 0.684 0.436 Sleep stage 3;
399, 0.317 0.447 0.593 0.228 0.558 0.676 0.359 Sleep stage 3;
400, 0.365 0.475 0.532 0.82 0.536 0.676 0.464 Sleep stage 3;
401, 0.343 0.498 0.561 0.229 0.558 0.677 0.381 Sleep stage 3;
402, 0.393 0.47 0.521 0.668 0.433 0.682 0.497 Sleep stage 3;
403, 0.398 0.4 0.568 0.213 0.438 0.671 0.381 Sleep stage 3;
404, 0.373 0.462 0.542 0.669 0.364 0.677 0.276 Sleep stage 3;
405, 0.26 0.563 0.569 0.742 0.305 0.671 0.166 Sleep stage 3;
406, 0.341 0.753 0.561 0.304 0.95 0.669 0.392 Sleep stage 3;
407, 0.376 0.503 0.467 0.717 0.935 0.673 0.409 Sleep stage 3;
408, 0.344 0.587 0.54 0.158 0.851 0.67 0.331 Sleep stage 3;
409, 0.454 0.47 0.526 0.207 0.393 0.658 0.547 Sleep stage 3;
410, 0.222 0.555 0.551 0.838 0.441 0.664 0.492 Sleep stage 3;
411, 0.297 0.766 0.517 0.692 0.356 0.67 0.387 Sleep stage 3;
412, 0.269 0.584 0.537 0.316 0.374 0.653 0.669 Sleep stage 3;
413, 0.353 0.547 0.55 0.513 0.332 0.672 0.464 Sleep stage 3;
414, 0.377 0.47 0.528 0.484 0.367 0.656 0.541 Sleep stage 3;
415, 0.386 0.489 0.552 0.689 0.266 0.667 0.497 Sleep stage 3;
416, 0.453 0.467 0.537 0.302 0.304 0.666 0.481 Sleep stage 3;
417, 0.347 0.533 0.572 0.602 0.297 0.673 0.425 Sleep stage 3;
418, 0.379 0.693 0.55 0.677 0.268 0.657 0.392 Sleep stage 3;
419, 0.317 0.437 0.577 0.415 0.325 0.653 0.492 Sleep stage 3;
420, 0.377 0.454 0.565 0.406 0.311 0.655 0.326 Sleep stage 3;
421, 0.55 0.303 0.56 0.773 0.285 0.66 0.403 Sleep stage 3;
422, 0.372 0.383 0.549 0.239 0.262 0.659 0.315 Sleep stage 3;
423, 0.316 0.475 0.579 0.611 0.296 0.67 0.298 Sleep stage 3;
424, 0.361 0.425 0.513 0.741 0.26 0.657 0.442 Sleep stage 3;
425, 0.434 0.443 0.586 0.212 0.281 0.656 0.243 Sleep stage 3;
426, 0.674 0.201 0.552 0.756 0.28 0.656 0.425 Sleep stage 3;
427, 0.356 0.541 0.559 0.266 0.305 0.647 0.597 Sleep stage 3;
428, 0.305 0.527 0.55 0.413 0.241 0.653 0.536 Sleep stage 3;
429, 0.328 0.352 0.558 0.765 0.261 0.652 0.514 Sleep stage 3;
430, 0.41 0.432 0.546 0.456 0.278 0.646 0.425 Sleep stage 3;
431, 0.202 0.652 0.546 0.342 0.32 0.638 0.459 Sleep stage 3;
432, 0.403 0.495 0.563 0.311 0.307 0.645 0.387 Sleep stage 3;
433, 0.379 0.518 0.573 0.68 0.281 0.647 0.564 Sleep stage 3;
434, 0.45 0.565 0.55 0.544 0.3 0.642 0.718 Sleep stage 3;
435, 0.573 0.135 0.541 0.35 0.334 0.633 0.453 Sleep stage 3;
436, 0.447 0.404 0.56 0.588 0.31 0.644 0.613 Sleep stage 3;
437, 0.311 0.555 0.546 0.717 0.173 0.645 0.536 Sleep stage 3;
438, 0.336 0.746 0.893 0.655 0.939 0.65 0.619 Sleep stage 3;
439, 0.374 0.619 0.554 0.101 0.936 0.67 0.315 Sleep stage 4;
440, 0.375 0.433 0.543 0.873 0.929 0.68 0.508 Sleep stage 4;
441, 0.444 0.192 0.546 0.474 0.91 0.669 0.42 Sleep stage 4;
442, 0.506 0.258 0.552 0.439 0.944 0.68 0.381 Sleep stage 4;
443, 0.385 0.456 0.533 0.506 0.954 0.663 0.58 Sleep stage 4;
444, 0.351 0.453 0.571 0.07 0.944 0.669 0.425 Sleep stage 4;
445, 0.238 0.605 0.553 0.906 0.805 0.67 0.47 Sleep stage 4;
446, 0.381 0.583 0.555 0.294 0.914 0.656 0.497 Sleep stage 4;
447, 0.438 0.3 0.562 0.138 0.931 0.66 0.503 Sleep stage 4;
448, 0.512 0.135 0.632 0.811 0.918 0.674 0.519 Sleep stage 4;
449, 0.432 0.522 0.531 0.581 0.924 0.655 0.541 Sleep stage 4;
450, 0.24 0.732 0.568 0.077 0.915 0.663 0.608 Sleep stage 4;
451, 0.354 0.628 0.563 0.98 0.914 0.656 0.63 Sleep stage 4;
452, 0.443 0.351 0.529 0.087 0.919 0.658 0.768 Sleep stage 4;
453, 0.25 0.76 0.571 0.948 0.882 0.663 0.53 Sleep stage 4;
454, 0.336 0.581 0.54 0.055 0.892 0.651 0.68 Sleep stage 4;
455, 0.447 0.533 0.531 0.879 0.866 0.66 0.58 Sleep stage 4;
456, 0.281 0.563 0.523 0.092 0.896 0.645 0.525 Sleep stage 4;
457, 0.256 0.579 0.545 0.473 0.891 0.655 0.552 Sleep stage 4;
458, 0.308 0.467 0.558 0.925 0.909 0.651 0.453 Sleep stage 4;
459, 0.357 0.348 0.556 0.115 0.927 0.666 0.597 Sleep stage 4;
460, 0.312 0.548 0.553 0.957 0.917 0.658 0.343 Sleep stage 4;
461, 0.627 0.154 0.564 0.104 0.914 0.664 0.436 Sleep stage 4;
462, 0.469 0.382 0.516 0.966 0.867 0.656 0.365 Sleep stage 4;
463, 0.474 0.375 0.489 0.91 0.922 0.662 0.481 Sleep stage 4;
464, 0.383 0.446 0.523 0.121 0.967 0.648 0.492 Sleep stage 4;
465, 0.521 0.413 0.556 0.468 0.891 0.657 0.354 Sleep stage 4;
466, 0.49 0.378 0.567 0.511 0.957 0.648 0.575 Sleep stage 4;
467, 0.356 0.565 0.513 0.217 0.941 0.668 0.32 Sleep stage 4;
468, 0.406 0.56 0.535 0.679 0.828 0.645 0.514 Sleep stage 4;
469, 0.313 0.702 0.564 0.24 0.923 0.666 0.254 Sleep stage 4;
470, 0.47 0.384 0.531 0.863 0.897 0.65 0.337 Sleep stage 4;
471, 0.421 0.307 0.548 0.084 0.875 0.651 0.414 Sleep stage 4;
472, 0.43 0.314 0.575 0.972 0.905 0.662 0.459 Sleep stage 4;
473, 0.414 0.342 0.568 0.066 0.944 0.652 0.392 Sleep stage 4;
474, 0.556 0.625 0.495 0.353 0.888 0.664 0.392 Sleep stage 4;
475, 0.341 0.578 0.532 0.876 0.883 0.647 0.558 Sleep stage 4;
476, 0.566 0.556 0.5 0.207 0.899 0.659 0.376 Sleep stage 4;
477, 0.409 0.528 0.566 0.834 0.863 0.637 0.497 Sleep stage 4;
478, 0.461 0.586 0.556 0.251 0.938 0.653 0.541 Sleep stage 4;
479, 0.407 0.358 0.564 0.918 0.881 0.647 0.652 Sleep stage 4;
480, 0.322 0.354 0.565 0.082 0.905 0.644 0.602 Sleep stage 4;
481, 0.362 0.534 0.528 0.461 0.903 0.641 0.403 Sleep stage 4;
482, 0.413 0.515 0.539 0.358 0.922 0.647 0.331 Sleep stage 4;
483, 0.336 0.44 0.535 0.158 0.917 0.646 0.354 Sleep stage 4;
484, 0.286 0.606 0.503 0.863 0.927 0.654 0.591 Sleep stage 4;
485, 0.35 0.517 0.571 0.376 0.934 0.65 0.381 Sleep stage 4;
486, 0.549 0.513 0.497 0.424 0.949 0.638 0.525 Sleep stage 4;
487, 0.321 0.468 0.539 0.44 0.074 0.622 0.635 Sleep stage 4;
488, 0.469 0.29 0.52 0.814 0.038 0.619 0.635 Sleep stage 4;
489, 0.343 0.579 0.526 0.315 0.073 0.603 0.448 Sleep stage 4;
490, 0.353 0.662 0.546 0.456 0.1 0.613 0.641 Sleep stage 4;
491, 0.403 0.445 0.525 0.723 0.046 0.611 0.619 Sleep stage 4;
492, 0.615 0.411 0.508 0.565 0.577 0.618 0.381 Sleep stage 4;
493, 0.27 0.596 0.557 0.489 0.525 0.615 0.188 Sleep stage 4;
494, 0.318 0.626 0.564 0.918 0.592 0.612 0.525 Sleep stage 4;
495, 0.355 0.309 0.612 0.28 0.569 0.599 0.47 Sleep stage 4;
496, 0.492 0.595 0.558 0.201 0.525 0.601 0.475 Sleep stage 4;
497, 0.245 0.54 0.529 0.747 0.466 0.617 0.376 Sleep stage 4;
498, 0.435 0.448 0.513 0.602 0.493 0.603 0.519 Sleep stage 4;
499, 0.349 0.351 0.552 0.775 0.446 0.601 0.448 Sleep stage 4;
500, 0.316 0.423 0.555 0.162 0.548 0.591 0.519 Sleep stage 4;
501, 0.296 0.625 0.539 0.427 0.612 0.608 0.492 Sleep stage 4;
502, 0.183 0.685 0.515 0.902 0.604 0.613 0.536 Sleep stage 4;
503, 0.286 0.495 0.546 0.164 0.591 0.618 0.657 Sleep stage 4;
504, 0.262 0.563 0.546 0.63 0.559 0.624 0.619 Sleep stage 4;
505, 0.504 0.372 0.512 0.705 0.594 0.605 0.575 Sleep stage 4;
506, 0.224 0.426 0.555 0.158 0.588 0.61 0.685 Sleep stage 4;
507, 0.32 0.544 0.545 0.262 0.426 0.618 0.453 Sleep stage 4;
508, 0.453 0.506 0.537 0.864 0.611 0.617 0.591 Sleep stage 4;
509, 0.391 0.362 0.554 0.446 0.487 0.601 0.486 Sleep stage 4;
510, 0.491 0.312 0.556 0.221 0.441 0.605 0.442 Sleep stage 4;
511, 0.37 0.365 0.56 0.921 0.407 0.613 0.459 Sleep stage 4;
512, 0.245 0.696 0.544 0.189 0.545 0.609 0.602 Sleep stage 4;
513, 0.505 0.432 0.538 0.32 0.488 0.616 0.376 Sleep stage 4;
514, 0.207 0.743 0.562 0.919 0.469 0.61 0.326 Sleep stage 4;
515, 0.35 0.49 0.537 0.732 0.459 0.614 0.331 Sleep stage 4;
516, 0.442 0.383 0.51 0.152 0.535 0.599 0.37 Sleep stage 4;
517, 0.319 0.464 0.57 0.545 0.469 0.613 0.309 Sleep stage 4;
518, 0.49 0.418 0.491 0.836 0.479 0.608 0.431 Sleep stage 4;
519, 0.308 0.492 0.555 0.16 0.515 0.598 0.331 Sleep stage 4;
520, 0.462 0.6 0.56 0.431 0.531 0.614 0.475 Sleep stage 4;
521, 0.564 0.196 0.488 0.884 0.457 0.603 0.42 Sleep stage 4;
522, 0.216 0.564 0.555 0.148 0.429 0.609 0.519 Sleep stage 4;
523, 0.554 0.278 0.481 0.175 0.56 0.604 0.492 Sleep stage 4;
524, 0.364 0.621 0.567 0.58 0.593 0.612 0.331 Sleep stage 4;
525, 0.221 0.755 0.56 0.894 0.594 0.615 0.486 Sleep stage 4;
526, 0.33 0.449 0.577 0.489 0.385 0.606 0.536 Sleep stage 4;
527, 0.456 0.386 0.586 0.165 0.514 0.599 0.47 Sleep stage 4;
528, 0.284 0.604 0.531 0.227 0.535 0.612 0.442 Sleep stage 4;
529, 0.444 0.46 0.517 0.748 0.606 0.622 0.525 Sleep stage 4;
530, 0.329 0.577 0.564 0.642 0.404 0.604 0.514 Sleep stage 4;
531, 0.266 0.723 0.54 0.144 0.541 0.604 0.575 Sleep stage 4;
532, 0.419 0.549 0.545 0.387 0.424 0.62 0.392 Sleep stage 4;
533, 0.225 0.534 0.553 0.855 0.507 0.617 0.442 Sleep stage 4;
534, 0.371 0.548 0.514 0.399 0.444 0.608 0.586 Sleep stage 4;
535, 0.476 0.441 0.528 0.143 0.608 0.609 0.503 Sleep stage 4;
536, 0.484 0.636 0.573 0.239 0.486 0.616 0.525 Sleep stage 4;
537, 0.271 0.704 0.552 0.925 0.45 0.612 0.508 Sleep stage 4;
538, 0.331 0.574 0.539 0.445 0.579 0.596 0.68 Sleep stage 4;
539, 0.589 0.339 0.558 0.305 0.524 0.614 0.552 Sleep stage 4;
540, 0.426 0.416 0.54 0.868 0.425 0.618 0.497 Sleep stage 4;
541, 0.523 0.413 0.509 0.609 0.583 0.624 0.304 Sleep stage 4;
542, 0.354 0.614 0.541 0.763 0.516 0.616 0.552 Sleep stage 4;
543, 0.279 0.397 0.536 0.179 0.511 0.616 0.481 Sleep stage 4;
544, 0.485 0.19 0.52 0.665 0.495 0.616 0.597 Sleep stage 4;
545, 0.309 0.553 0.566 0.746 0.414 0.604 0.558 Sleep stage 4;
546, 0.313 0.587 0.586 0.17 0.453 0.603 0.47 Sleep stage 4;
547, 0.43 0.48 0.511 0.884 0.418 0.617 0.343 Sleep stage 4;
548, 0.414 0.558 0.533 0.427 0.53 0.607 0.431 Sleep stage 4;
549, 0.401 0.432 0.576 0.11 0.53 0.607 0.552 Sleep stage 4;
550, 0.292 0.919 0.534 0.327 0.556 0.614 0.403 Sleep stage 4;
551, 0.304 0.638 0.522 0.905 0.462 0.614 0.425 Sleep stage 4;
552, 0.43 0.606 0.559 0.154 0.534 0.607 0.442 Sleep stage 4;
553, 0.136 0.73 0.528 0.728 0.932 0.606 0.497 Sleep stage 4;
554, 0.348 0.513 0.557 0.491 0.939 0.619 0.409 Sleep stage 4;
555, 0.436 0.44 0.529 0.189 0.946 0.624 0.459 Sleep stage 4;
556, 0.321 0.729 0.552 0.219 0.938 0.612 0.331 Sleep stage 4;
557, 0.302 0.444 0.617 0.335 0.951 0.628 0.403 Sleep stage 4;
558, 0.421 0.505 0.553 0.145 0.934 0.621 0.26 Sleep stage 4;
559, 0.434 0.439 0.548 0.431 0.47 0.642 0.497 Sleep stage 4;
560, 0.417 0.416 0.57 0.648 0.563 0.635 0.359 Sleep stage 4;
561, 0.324 0.691 0.513 0.268 0.421 0.637 0.42 Sleep stage 4;
562, 0.405 0.385 0.532 0.316 0.535 0.646 0.287 Sleep stage 4;
563, 0.29 0.486 0.551 0.375 0.347 0.644 0.287 Sleep stage 4;
564, 0.298 0.653 0.55 0.484 0.307 0.641 0.514 Sleep stage 4;
565, 0.297 0.554 0.532 0.636 0.926 0.642 0.58 Sleep stage 4;
566, 0.589 0.639 0.502 0.305 0.908 0.643 0.398 Sleep stage 4;
567, 0.381 0.447 0.554 0.47 0.93 0.645 0.304 Sleep stage 4;
568, 0.349 0.516 0.57 0.436 0.928 0.634 0.387 Sleep stage 4;
569, 0.436 0.422 0.576 0.333 0.922 0.637 0.238 Sleep stage 4;
570, 0.276 0.49 0.564 0.76 0.889 0.64 0.254 Sleep stage 4;
571, bang;
