1, 0.462 0.385 0.448 0.624 0.908 0.848 0.481 Sleep stage 1;
2, 0.501 0.498 0.439 0.176 0.92 0.835 0.337 Sleep stage 1;
3, 0.338 0.445 0.524 0.725 0.908 0.858 0.442 Sleep stage 1;
4, 0.355 0.525 0.474 0.664 0.909 0.84 0.552 Sleep stage 1;
5, 0.362 0.425 0.562 0.063 0.947 0.84 0.481 Sleep stage 1;
6, 0.384 0.456 0.542 0.912 0.932 0.854 0.669 Sleep stage 1;
7, 0.342 0.442 0.517 0.403 0.959 0.823 0.713 Sleep stage 1;
8, 0.365 0.502 0.546 0.41 0.904 0.845 0.569 Sleep stage 1;
9, 0.39 0.489 0.64 0.443 0.955 0.82 0.608 Sleep stage 1;
10, 0.389 0.517 0.544 0.247 0.949 0.843 0.707 Sleep stage 1;
11, 0.427 0.534 0.533 0.677 0.937 0.823 0.74 Sleep stage 1;
12, 0.389 0.529 0.543 0.474 0.915 0.841 0.63 Sleep stage 1;
13, 0.271 0.443 0.724 0.803 0.933 0.818 0.657 Sleep stage 1;
14, 0.417 0.48 0.513 0.631 0.921 0.844 0.486 Sleep stage 1;
15, 0.35 0.524 0.602 0.168 0.934 0.827 0.597 Sleep stage 1;
16, 0.376 0.472 0.551 0.337 0.932 0.842 0.464 Sleep stage 1;
17, 0.331 0.711 0.512 0.121 0.949 0.83 0.453 Sleep stage 1;
18, 0.285 0.553 0.599 0.487 0.922 0.835 0.365 Sleep stage 1;
19, 0.443 0.412 0.477 0.366 0.922 0.835 0.365 Sleep stage 1;
20, 0.414 0.379 0.51 0.305 0.947 0.835 0.519 Sleep stage 1;
21, 0.425 0.411 0.535 0.092 0.978 0.817 0.547 Sleep stage 1;
22, 0.375 0.495 0.574 0.92 0.904 0.831 0.392 Sleep stage 1;
23, 0.344 0.485 0.532 0.094 0.964 0.822 0.569 Sleep stage 1;
24, 0.372 0.482 0.492 0.832 0.935 0.829 0.569 Sleep stage 1;
25, 0.362 0.467 0.548 0.261 0.945 0.826 0.569 Sleep stage 1;
26, 0.37 0.538 0.582 0.452 0.916 0.83 0.409 Sleep stage 1;
27, 0.366 0.464 0.503 0.598 0.941 0.81 0.602 Sleep stage 1;
28, 0.388 0.468 0.518 0.515 0.911 0.839 0.315 Sleep stage 1;
29, 0.358 0.492 0.553 0.544 0.902 0.815 0.414 Sleep stage 1;
30, 0.389 0.525 0.578 0.311 0.903 0.832 0.398 Sleep stage 1;
31, 0.407 0.54 0.529 0.481 0.941 0.813 0.624 Sleep stage 1;
32, 0.378 0.47 0.496 0.818 0.916 0.837 0.552 Sleep stage 1;
33, 0.362 0.447 0.532 0.03 0.96 0.815 0.663 Sleep stage 1;
34, 0.36 0.512 0.555 0.939 0.903 0.826 0.547 Sleep stage 1;
35, 0.372 0.51 0.558 0.161 0.915 0.829 0.448 Sleep stage 1;
36, 0.402 0.456 0.597 0.347 0.922 0.81 0.586 Sleep stage 1;
37, 0.399 0.511 0.538 0.661 0.883 0.825 0.436 Sleep stage 1;
38, 0.372 0.463 0.532 0.928 0.897 0.821 0.343 Sleep stage 1;
39, 0.393 0.497 0.585 0.165 0.957 0.812 0.564 Sleep stage 1;
40, 0.361 0.47 0.496 0.048 0.933 0.804 0.475 Sleep stage 1;
41, 0.38 0.484 0.581 0.845 0.915 0.792 0.514 Sleep stage 1;
42, 0.405 0.433 0.572 0.283 0.929 0.805 0.381 Sleep stage 1;
43, 0.403 0.503 0.53 0.044 0.95 0.778 0.475 Sleep stage 1;
44, 0.371 0.498 0.546 0.912 0.916 0.793 0.519 Sleep stage 1;
45, 0.383 0.505 0.598 0.043 0.926 0.775 0.442 Sleep stage 1;
46, 0.349 0.457 0.585 0.923 0.908 0.793 0.613 Sleep stage 1;
47, 0.364 0.474 0.594 0.045 0.955 0.778 0.646 Sleep stage 1;
48, 0.346 0.489 0.536 0.797 0.911 0.8 0.486 Sleep stage 1;
49, 0.353 0.509 0.486 0.066 0.965 0.774 0.696 Sleep stage 1;
50, 0.331 0.51 0.54 0.96 0.908 0.786 0.613 Sleep stage 1;
51, 0.43 0.48 0.551 0.042 0.959 0.778 0.691 Sleep stage 1;
52, 0.409 0.459 0.57 0.869 0.901 0.797 0.448 Sleep stage 1;
53, 0.386 0.472 0.527 0.043 0.951 0.78 0.475 Sleep stage 1;
54, 0.376 0.458 0.453 0.932 0.906 0.788 0.492 Sleep stage 1;
55, 0.395 0.507 0.54 0.261 0.912 0.779 0.387 Sleep stage 1;
56, 0.336 0.552 0.537 0.191 0.93 0.779 0.392 Sleep stage 1;
57, 0.389 0.446 0.573 0.721 0.886 0.777 0.337 Sleep stage 1;
58, 0.376 0.47 0.551 0.171 0.941 0.784 0.47 Sleep stage 1;
59, 0.354 0.496 0.507 0.705 0.922 0.767 0.541 Sleep stage 1;
60, 0.354 0.547 0.58 0.287 0.906 0.794 0.254 Sleep stage 1;
61, 0.398 0.48 0.529 0.146 0.916 0.777 0.392 Sleep stage 1;
62, 0.369 0.453 0.572 0.129 0.929 0.783 0.508 Sleep stage 1;
63, 0.385 0.481 0.564 0.119 0.907 0.784 0.276 Sleep stage 1;
64, 0.387 0.471 0.583 0.885 0.922 0.776 0.541 Sleep stage 1;
65, 0.359 0.48 0.502 0.567 0.886 0.797 0.254 Sleep stage 1;
66, 0.369 0.468 0.53 0.097 0.916 0.78 0.486 Sleep stage 1;
67, 0.376 0.482 0.589 0.931 0.903 0.779 0.552 Sleep stage 1;
68, 0.379 0.488 0.507 0.231 0.928 0.793 0.459 Sleep stage 1;
69, 0.378 0.531 0.568 0.647 0.925 0.776 0.53 Sleep stage 1;
70, 0.368 0.476 0.556 0.369 0.915 0.785 0.475 Sleep stage 1;
71, 0.347 0.477 0.596 0.781 0.918 0.765 0.492 Sleep stage 1;
72, 0.39 0.479 0.549 0.273 0.913 0.78 0.492 Sleep stage 1;
73, 0.394 0.43 0.663 0.212 0.96 0.762 0.663 Sleep stage 1;
74, 0.393 0.509 0.511 0.963 0.941 0.773 0.624 Sleep stage 1;
75, 0.376 0.455 0.504 0.198 0.928 0.781 0.508 Sleep stage 1;
76, 0.394 0.512 0.59 0.466 0.932 0.764 0.58 Sleep stage 1;
77, 0.382 0.494 0.624 0.828 0.932 0.776 0.696 Sleep stage 1;
78, 0.327 0.511 0.54 0.114 0.955 0.759 0.613 Sleep stage 1;
79, 0.405 0.49 0.524 0.625 0.906 0.774 0.591 Sleep stage 1;
80, 0.372 0.463 0.522 0.306 0.916 0.755 0.508 Sleep stage 1;
81, 0.356 0.502 0.531 0.929 0.904 0.769 0.608 Sleep stage 1;
82, 0.395 0.536 0.563 0.268 0.907 0.776 0.431 Sleep stage 1;
83, 0.361 0.509 0.483 0.362 0.924 0.759 0.547 Sleep stage 1;
84, 0.376 0.556 0.601 0.632 0.899 0.774 0.519 Sleep stage 1;
85, 0.383 0.486 0.558 0.1 0.927 0.767 0.425 Sleep stage 1;
86, 0.39 0.453 0.524 0.895 0.912 0.773 0.381 Sleep stage 1;
87, 0.371 0.473 0.546 0.163 0.918 0.77 0.309 Sleep stage 1;
88, 0.35 0.445 0.596 0.795 0.898 0.755 0.453 Sleep stage 1;
89, 0.394 0.44 0.55 0.965 0.937 0.758 0.547 Sleep stage 1;
90, 0.365 0.48 0.559 0.983 0.941 0.757 0.635 Sleep stage 1;
91, 0.397 0.512 0.57 0.532 0.934 0.765 0.481 Sleep stage 1;
92, 0.424 0.499 0.605 0.522 0.923 0.777 0.42 Sleep stage 1;
93, 0.363 0.475 0.608 0.105 0.944 0.779 0.398 Sleep stage 1;
94, 0.38 0.458 0.497 0.064 0.934 0.752 0.503 Sleep stage 1;
95, 0.372 0.444 0.569 0.402 0.937 0.768 0.481 Sleep stage 1;
96, 0.362 0.177 0.899 0.783 0.929 0.751 0.354 Sleep stage 1;
97, 0.394 0.37 0.776 0.304 0.922 0.77 0.436 Sleep stage 1;
98, 0.414 0.296 0.611 0.327 0.93 0.799 0.541 Sleep stage 1;
99, 0.408 0.488 0.507 0.303 0.946 0.793 0.558 Sleep stage 1;
100, 0.3 0.532 0.517 0.429 0.933 0.795 0.652 Sleep stage 1;
101, 0.426 0.4 0.667 0.502 0.953 0.787 0.525 Sleep stage 1;
102, 0.409 0.471 0.518 0.113 0.94 0.803 0.536 Sleep stage 1;
103, 0.375 0.471 0.543 0.714 0.917 0.794 0.492 Sleep stage 1;
104, 0.38 0.468 0.465 0.852 0.893 0.819 0.348 Sleep stage 1;
105, 0.36 0.498 0.626 0.227 0.941 0.786 0.464 Sleep stage 1;
106, 0.373 0.458 0.568 0.986 0.935 0.798 0.58 Sleep stage 1;
107, 0.368 0.52 0.502 0.06 0.945 0.796 0.669 Sleep stage 1;
108, 0.34 0.516 0.519 0.831 0.928 0.79 0.536 Sleep stage 1;
109, 0.396 0.408 0.564 0.1 0.932 0.789 0.459 Sleep stage 1;
110, 0.397 0.478 0.507 0.886 0.916 0.78 0.564 Sleep stage 1;
111, 0.354 0.513 0.537 0.888 0.926 0.798 0.58 Sleep stage 1;
112, 0.382 0.415 0.474 0.044 0.964 0.786 0.624 Sleep stage 1;
113, 0.382 0.482 0.55 0.966 0.899 0.789 0.597 Sleep stage 1;
114, 0.386 0.477 0.505 0.117 0.935 0.799 0.525 Sleep stage 1;
115, 0.396 0.536 0.565 0.452 0.933 0.776 0.508 Sleep stage 1;
116, 0.379 0.464 0.536 0.545 0.937 0.803 0.436 Sleep stage 1;
117, 0.362 0.36 0.545 0.035 0.934 0.8 0.541 Sleep stage 1;
118, 0.368 0.479 0.556 0.632 0.898 0.796 0.381 Sleep stage 1;
119, 0.354 0.509 0.626 0.642 0.951 0.779 0.569 Sleep stage 1;
120, 0.363 0.522 0.52 0.756 0.896 0.794 0.387 Sleep stage 1;
121, 0.406 0.479 0.437 0.085 0.926 0.786 0.409 Sleep stage 1;
122, 0.352 0.466 0.548 0.749 0.922 0.776 0.448 Sleep stage 1;
123, 0.388 0.502 0.548 0.94 0.907 0.789 0.365 Sleep stage 1;
124, 0.375 0.511 0.548 0.052 0.948 0.783 0.547 Sleep stage 1;
125, 0.378 0.484 0.379 0.814 0.912 0.77 0.387 Sleep stage 1;
126, 0.38 0.541 0.515 0.485 0.928 0.795 0.453 Sleep stage 1;
127, 0.37 0.551 0.567 0.067 0.949 0.772 0.464 Sleep stage 1;
128, 0.371 0.51 0.538 0.841 0.908 0.779 0.486 Sleep stage 1;
129, 0.396 0.532 0.585 0.816 0.903 0.784 0.503 Sleep stage 1;
130, 0.332 0.479 0.522 0.144 0.926 0.777 0.503 Sleep stage 1;
131, 0.398 0.439 0.53 0.344 0.916 0.787 0.475 Sleep stage 1;
132, 0.386 0.469 0.509 0.558 0.937 0.774 0.619 Sleep stage 1;
133, 0.372 0.499 0.557 0.47 0.915 0.786 0.497 Sleep stage 1;
134, 0.379 0.444 0.443 0.099 0.921 0.772 0.525 Sleep stage 1;
135, 0.362 0.518 0.583 0.819 0.926 0.771 0.619 Sleep stage 1;
136, 0.41 0.476 0.525 0.746 0.909 0.783 0.453 Sleep stage 1;
137, 0.374 0.464 0.603 0.06 0.936 0.78 0.492 Sleep stage 1;
138, 0.346 0.45 0.384 0.635 0.94 0.769 0.691 Sleep stage 1;
139, 0.349 0.44 0.512 0.921 0.906 0.779 0.646 Sleep stage 1;
140, 0.401 0.406 0.534 0.967 0.921 0.781 0.564 Sleep stage 1;
141, 0.36 0.496 0.528 0.832 0.922 0.769 0.613 Sleep stage 1;
142, 0.373 0.476 0.546 0.093 0.95 0.774 0.602 Sleep stage 1;
143, 0.384 0.423 0.715 0.941 0.916 0.771 0.547 Sleep stage 1;
144, 0.359 0.465 0.436 0.309 0.928 0.773 0.42 Sleep stage 1;
145, 0.329 0.562 0.517 0.125 0.979 0.753 0.74 Sleep stage 1;
146, 0.355 0.462 0.579 0.963 0.922 0.762 0.635 Sleep stage 1;
147, 0.362 0.528 0.524 0.867 0.945 0.773 0.669 Sleep stage 1;
148, 0.337 0.521 0.497 0.073 0.94 0.769 0.591 Sleep stage 1;
149, 0.385 0.478 0.447 0.336 0.946 0.754 0.635 Sleep stage 1;
150, 0.367 0.547 0.466 0.968 0.944 0.759 0.657 Sleep stage 1;
151, 0.37 0.491 0.626 0.951 0.918 0.767 0.519 Sleep stage 1;
152, 0.376 0.458 0.581 0.728 0.924 0.767 0.597 Sleep stage 1;
153, 0.395 0.418 0.466 0.169 0.959 0.773 0.751 Sleep stage 1;
154, 0.406 0.485 0.533 0.063 0.939 0.758 0.691 Sleep stage 1;
155, 0.415 0.469 0.512 0.4 0.929 0.751 0.525 Sleep stage 1;
156, 0.383 0.449 0.632 0.947 0.876 0.769 0.282 Sleep stage 1;
157, 0.409 0.474 0.494 0.748 0.939 0.764 0.519 Sleep stage 1;
158, 0.378 0.482 0.61 0.535 0.957 0.756 0.619 Sleep stage 1;
159, 0.428 0.484 0.515 0.568 0.917 0.768 0.459 Sleep stage 1;
160, 0.393 0.478 0.565 0.579 0.938 0.748 0.409 Sleep stage 1;
161, 0.374 0.446 0.658 0.888 0.887 0.759 0.221 Sleep stage 1;
162, 0.397 0.502 0.541 0.131 0.945 0.762 0.376 Sleep stage 1;
163, 0.379 0.478 0.585 0.314 0.923 0.742 0.365 Sleep stage 1;
164, 0.382 0.499 0.537 0.882 0.885 0.752 0.403 Sleep stage 1;
165, 0.482 0.518 0.504 0.046 0.94 0.751 0.448 Sleep stage 1;
166, 0.38 0.499 0.528 0.459 0.952 0.762 0.669 Sleep stage 1;
167, 0.369 0.514 0.481 0.238 0.969 0.747 0.619 Sleep stage 1;
168, 0.416 0.455 0.584 0.401 0.924 0.764 0.459 Sleep stage 1;
169, 0.4 0.512 0.51 0.366 0.927 0.742 0.343 Sleep stage 1;
170, 0.376 0.508 0.545 0.364 0.935 0.759 0.547 Sleep stage 1;
171, 0.361 0.467 0.559 0.71 0.92 0.751 0.464 Sleep stage 1;
172, 0.393 0.463 0.616 0.397 0.909 0.763 0.293 Sleep stage 1;
173, 0.385 0.499 0.41 0.106 0.956 0.75 0.53 Sleep stage 1;
174, 0.362 0.455 0.603 0.908 0.919 0.75 0.409 Sleep stage 1;
175, 0.34 0.44 0.555 0.034 0.938 0.761 0.475 Sleep stage 1;
176, 0.376 0.49 0.573 0.468 0.914 0.756 0.448 Sleep stage 1;
177, 0.349 0.494 0.577 0.37 0.926 0.752 0.481 Sleep stage 1;
178, 0.372 0.468 0.619 0.176 0.923 0.747 0.58 Sleep stage 1;
179, 0.396 0.478 0.55 0.486 0.947 0.734 0.508 Sleep stage 1;
180, 0.358 0.479 0.506 0.952 0.919 0.75 0.525 Sleep stage 1;
181, 0.362 0.468 0.586 0.426 0.901 0.754 0.343 Sleep stage 1;
182, 0.378 0.501 0.463 0.137 0.949 0.734 0.514 Sleep stage 1;
183, 0.36 0.487 0.556 0.651 0.892 0.754 0.403 Sleep stage 1;
184, 0.401 0.436 0.532 0.114 0.914 0.734 0.431 Sleep stage 1;
185, 0.395 0.498 0.661 0.888 0.916 0.735 0.619 Sleep stage 1;
186, 0.373 0.517 0.511 0.225 0.89 0.749 0.387 Sleep stage 1;
187, 0.386 0.464 0.578 0.126 0.937 0.73 0.448 Sleep stage 1;
188, 0.37 0.483 0.611 0.896 0.917 0.732 0.541 Sleep stage 1;
189, 0.424 0.453 0.477 0.303 0.906 0.742 0.254 Sleep stage 1;
190, 0.364 0.469 0.509 0.402 0.905 0.733 0.403 Sleep stage 1;
191, 0.39 0.476 0.577 0.868 0.973 0.724 0.773 Sleep stage 1;
192, 0.374 0.532 0.538 0.244 0.915 0.741 0.276 Sleep stage 1;
193, 0.389 0.478 0.57 0.928 0.898 0.726 0.37 Sleep stage 1;
194, 0.369 0.485 0.559 0.091 0.949 0.731 0.37 Sleep stage 1;
195, 0.35 0.543 0.452 0.506 0.914 0.74 0.326 Sleep stage 1;
196, 0.364 0.487 0.575 0.868 0.917 0.729 0.403 Sleep stage 1;
197, 0.376 0.489 0.638 0.083 0.946 0.722 0.376 Sleep stage 1;
198, 0.368 0.449 0.654 0.451 0.905 0.737 0.287 Sleep stage 1;
199, 0.396 0.49 0.541 0.825 0.894 0.727 0.392 Sleep stage 1;
200, 0.361 0.511 0.476 0.243 0.917 0.74 0.249 Sleep stage 1;
201, 0.379 0.476 0.536 0.422 0.946 0.724 0.436 Sleep stage 1;
202, 0.337 0.494 0.665 0.554 0.894 0.735 0.326 Sleep stage 1;
203, 0.386 0.477 0.494 0.092 0.961 0.734 0.619 Sleep stage 1;
204, 0.32 0.537 0.572 0.018 0.953 0.733 0.481 Sleep stage 1;
205, 0.402 0.498 0.587 0.85 0.912 0.729 0.552 Sleep stage 1;
206, 0.391 0.467 0.591 0.112 0.957 0.719 0.547 Sleep stage 1;
207, 0.365 0.509 0.451 0.927 0.881 0.723 0.442 Sleep stage 1;
208, 0.361 0.45 0.782 0.473 0.896 0.732 0.271 Sleep stage 1;
209, 0.369 0.515 0.496 0.065 0.961 0.726 0.586 Sleep stage 1;
210, 0.385 0.492 0.444 0.928 0.927 0.728 0.552 Sleep stage 1;
211, 0.392 0.473 0.434 0.152 0.926 0.728 0.42 Sleep stage 1;
212, 0.401 0.488 0.497 0.725 0.89 0.72 0.387 Sleep stage 1;
213, 0.365 0.464 0.708 0.213 0.915 0.727 0.47 Sleep stage 1;
214, 0.376 0.503 0.523 0.865 0.886 0.72 0.464 Sleep stage 1;
215, 0.376 0.471 0.636 0.333 0.928 0.727 0.552 Sleep stage 1;
216, 0.38 0.489 0.493 0.28 0.946 0.706 0.508 Sleep stage 1;
217, 0.352 0.462 0.702 0.645 0.913 0.724 0.398 Sleep stage 1;
218, 0.401 0.462 0.593 0.833 0.892 0.718 0.436 Sleep stage 1;
219, 0.369 0.496 0.553 0.146 0.954 0.711 0.646 Sleep stage 1;
220, 0.336 0.529 0.626 0.91 0.923 0.721 0.564 Sleep stage 1;
221, 0.358 0.488 0.531 0.105 0.938 0.713 0.464 Sleep stage 1;
222, 0.385 0.45 0.639 0.732 0.898 0.722 0.392 Sleep stage 1;
223, 0.335 0.489 0.696 0.087 0.952 0.708 0.42 Sleep stage 1;
224, 0.423 0.483 0.507 0.921 0.91 0.723 0.398 Sleep stage 1;
225, 0.368 0.501 0.642 0.054 0.943 0.713 0.475 Sleep stage 1;
226, 0.376 0.506 0.525 0.958 0.93 0.713 0.53 Sleep stage 1;
227, 0.389 0.491 0.61 0.333 0.941 0.722 0.376 Sleep stage 1;
228, 0.38 0.46 0.601 0.874 0.909 0.714 0.376 Sleep stage 1;
229, 0.379 0.467 0.482 0.3 0.958 0.726 0.398 Sleep stage 1;
230, 0.402 0.464 0.598 0.671 0.924 0.725 0.425 Sleep stage 1;
231, 0.336 0.508 0.564 0.104 0.942 0.713 0.409 Sleep stage 1;
232, 0.376 0.5 0.476 0.786 0.921 0.721 0.475 Sleep stage 1;
233, 0.383 0.488 0.582 0.246 0.956 0.696 0.536 Sleep stage 1;
234, 0.386 0.502 0.5 0.942 0.921 0.718 0.381 Sleep stage 1;
235, 0.398 0.509 0.438 0.319 0.957 0.705 0.519 Sleep stage 1;
236, 0.411 0.478 0.561 0.514 0.917 0.72 0.359 Sleep stage 1;
237, 0.362 0.477 0.571 0.327 0.943 0.712 0.381 Sleep stage 1;
238, 0.285 0.571 0.655 0.351 0.955 0.723 0.398 Sleep stage 1;
239, 0.385 0.493 0.666 0.249 0.945 0.709 0.503 Sleep stage 1;
240, 0.387 0.498 0.561 0.509 0.95 0.715 0.475 Sleep stage 1;
241, 0.35 0.551 0.56 0.852 0.947 0.706 0.613 Sleep stage 1;
242, 0.397 0.469 0.606 0.32 0.937 0.708 0.232 Sleep stage 1;
243, 0.376 0.415 0.574 0.925 0.89 0.703 0.293 Sleep stage 1;
244, 0.357 0.467 0.606 0.053 0.96 0.701 0.481 Sleep stage 1;
245, 0.303 0.496 0.648 0.64 0.91 0.708 0.265 Sleep stage 1;
246, 0.358 0.508 0.504 0.062 0.958 0.698 0.58 Sleep stage 1;
247, 0.28 0.696 0.549 0.898 0.306 0.623 0.464 Sleep stage 1;
248, 0.539 0.441 0.523 0.698 0.528 0.64 0.381 Sleep stage 1;
249, 0.391 0.374 0.555 0.376 0.944 0.632 0.376 Sleep stage 1;
250, 0.398 0.606 0.589 0.279 0.929 0.634 0.409 Sleep stage 1;
251, 0.346 0.463 0.497 0.145 0.966 0.626 0.409 Sleep stage 1;
252, 0.39 0.453 0.536 0.688 0.961 0.629 0.519 Sleep stage 1;
253, 0.338 0.511 0.453 0.437 0.941 0.63 0.597 Sleep stage 1;
254, 0.362 0.447 0.6 0.544 0.931 0.641 0.425 Sleep stage 1;
255, 0.378 0.509 0.506 0.207 0.482 0.631 0.492 Sleep stage 1;
256, 0.358 0.481 0.545 0.803 0.159 0.622 0.497 Sleep stage 1;
257, 0.372 0.525 0.564 0.489 0.101 0.628 0.42 Sleep stage 1;
258, 0.368 0.538 0.553 0.25 0.119 0.619 0.514 Sleep stage 1;
259, 0.401 0.448 0.561 0.549 0.926 0.631 0.58 Sleep stage 1;
260, 0.396 0.474 0.609 0.342 0.905 0.634 0.359 Sleep stage 1;
261, 0.376 0.439 0.553 0.159 0.937 0.62 0.42 Sleep stage 1;
262, 0.399 0.469 0.562 0.812 0.738 0.621 0.365 Sleep stage 1;
263, 0.386 0.48 0.528 0.395 0.827 0.626 0.392 Sleep stage 1;
264, 0.436 0.381 0.548 0.701 0.795 0.613 0.182 Sleep stage 1;
265, 0.353 0.471 0.548 0.845 0.38 0.618 0.403 Sleep stage 1;
266, 0.284 0.474 0.615 0.187 0.932 0.63 0.525 Sleep stage 1;
267, 0.368 0.51 0.474 0.449 0.914 0.625 0.315 Sleep stage 1;
268, 0.354 0.454 0.571 0.29 0.899 0.635 0.199 Sleep stage 1;
269, 0.373 0.482 0.577 0.405 0.914 0.618 0.331 Sleep stage 1;
270, 0.361 0.468 0.513 0.262 0.923 0.611 0.343 Sleep stage 1;
271, 0.382 0.501 0.55 0.445 0.889 0.624 0.32 Sleep stage 1;
272, 0.383 0.503 0.543 0.434 0.903 0.613 0.343 Sleep stage 1;
273, 0.346 0.49 0.568 0.444 0.872 0.63 0.094 Sleep stage 1;
274, 0.348 0.518 0.539 0.477 0.898 0.61 0.16 Sleep stage 1;
275, 0.37 0.512 0.56 0.535 0.93 0.62 0.387 Sleep stage 1;
276, 0.363 0.512 0.545 0.3 0.922 0.614 0.348 Sleep stage 1;
277, 0.318 0.525 0.537 0.354 0.928 0.613 0.37 Sleep stage 1;
278, 0.456 0.51 0.564 0.44 0.927 0.619 0.343 Sleep stage 1;
279, 0.382 0.487 0.577 0.779 0.92 0.608 0.238 Sleep stage 1;
280, 0.34 0.49 0.642 0.264 0.91 0.617 0.238 Sleep stage 1;
281, 0.425 0.397 0.577 0.433 0.93 0.613 0.304 Sleep stage 1;
282, 0.374 0.463 0.488 0.456 0.953 0.613 0.569 Sleep stage 1;
283, 0.343 0.532 0.594 0.954 0.947 0.618 0.47 Sleep stage 1;
284, 0.376 0.481 0.558 0.381 0.922 0.622 0.26 Sleep stage 1;
285, 0.37 0.448 0.546 0.936 0.895 0.623 0.155 Sleep stage 1;
286, 0.41 0.48 0.548 0.201 0.927 0.622 0.21 Sleep stage 1;
287, 0.382 0.48 0.545 0.802 0.92 0.61 0.32 Sleep stage 1;
288, 0.319 0.534 0.56 0.375 0.946 0.627 0.26 Sleep stage 1;
289, 0.363 0.455 0.523 0.592 0.088 0.667 0.53 Sleep stage 1;
290, 0.383 0.466 0.568 0.483 0.172 0.679 0.613 Sleep stage 1;
291, 0.43 0.32 0.446 0.743 0.957 0.668 0.74 Sleep stage 1;
292, 0.435 0.58 0.47 0.393 0.95 0.663 0.624 Sleep stage 1;
293, 0.373 0.454 0.576 0.302 0.927 0.667 0.536 Sleep stage 1;
294, 0.344 0.503 0.523 0.85 0.224 0.66 0.564 Sleep stage 1;
295, 0.375 0.556 0.543 0.291 0.808 0.67 0.492 Sleep stage 1;
296, 0.389 0.448 0.494 0.859 0.377 0.662 0.343 Sleep stage 1;
297, 0.376 0.492 0.459 0.355 0.238 0.655 0.497 Sleep stage 1;
298, 0.404 0.5 0.544 0.493 0.295 0.668 0.365 Sleep stage 1;
299, 0.383 0.482 0.589 0.726 0.26 0.661 0.713 Sleep stage 1;
300, 0.411 0.444 0.541 0.348 0.218 0.664 0.431 Sleep stage 1;
301, 0.35 0.308 0.599 0.641 0.935 0.646 0.309 Sleep stage 1;
302, 0.293 0.38 0.246 0.669 0.95 0.657 0.442 Sleep stage 1;
303, 0.39 0.478 0.567 0.69 0.934 0.651 0.409 Sleep stage 1;
304, 0.391 0.497 0.626 0.823 0.907 0.649 0.243 Sleep stage 1;
305, 0.376 0.472 0.465 0.52 0.913 0.658 0.298 Sleep stage 1;
306, 0.38 0.527 0.435 0.346 0.919 0.657 0.442 Sleep stage 1;
307, 0.401 0.482 0.584 0.661 0.915 0.654 0.448 Sleep stage 1;
308, 0.347 0.445 0.4 0.488 0.885 0.661 0.298 Sleep stage 1;
309, 0.31 0.512 0.589 0.516 0.812 0.651 0.32 Sleep stage 1;
310, 0.376 0.491 0.591 0.473 0.872 0.658 0.182 Sleep stage 1;
311, 0.368 0.489 0.546 0.565 0.697 0.657 0.459 Sleep stage 1;
312, 0.356 0.471 0.551 0.46 0.856 0.665 0.232 Sleep stage 1;
313, 0.361 0.493 0.483 0.628 0.754 0.649 0.414 Sleep stage 1;
314, 0.337 0.476 0.552 0.352 0.766 0.655 0.68 Sleep stage 1;
315, 0.343 0.482 0.544 0.649 0.681 0.643 0.265 Sleep stage 1;
316, 0.411 0.47 0.516 0.38 0.795 0.648 0.464 Sleep stage 1;
317, 0.363 0.487 0.534 0.495 0.636 0.654 0.508 Sleep stage 1;
318, 0.34 0.534 0.539 0.589 0.774 0.643 0.552 Sleep stage 1;
319, 0.38 0.521 0.498 0.354 0.739 0.65 0.326 Sleep stage 1;
320, 0.375 0.46 0.583 0.716 0.921 0.652 0.392 Sleep stage 1;
321, 0.368 0.465 0.603 0.632 0.959 0.649 0.464 Sleep stage 1;
322, 0.376 0.495 0.546 0.484 0.943 0.645 0.436 Sleep stage 1;
323, 0.357 0.532 0.48 0.767 0.946 0.659 0.26 Sleep stage 1;
324, 0.365 0.491 0.502 0.449 0.869 0.659 0.21 Sleep stage 1;
325, 0.367 0.483 0.558 0.446 0.876 0.647 0.464 Sleep stage 1;
326, 0.395 0.492 0.574 0.627 0.823 0.657 0.304 Sleep stage 1;
327, 0.402 0.458 0.575 0.239 0.871 0.657 0.304 Sleep stage 1;
328, 0.388 0.455 0.635 0.621 0.933 0.659 0.409 Sleep stage 1;
329, 0.223 0.465 0.635 0.626 0.926 0.655 0.26 Sleep stage 1;
330, 0.357 0.502 0.378 0.275 0.964 0.665 0.354 Sleep stage 1;
331, 0.401 0.456 0.61 0.368 0.933 0.655 0.298 Sleep stage 1;
332, 0.356 0.499 0.529 0.69 0.909 0.66 0.348 Sleep stage 1;
333, 0.399 0.484 0.519 0.592 0.926 0.666 0.392 Sleep stage 1;
334, 0.383 0.484 0.459 0.329 0.928 0.657 0.254 Sleep stage 1;
335, 0.34 0.508 0.43 0.625 0.707 0.662 0.348 Sleep stage 1;
336, 0.438 0.482 0.598 0.534 0.662 0.679 0.315 Sleep stage 1;
337, 0.36 0.462 0.663 0.275 0.632 0.67 0.271 Sleep stage 1;
338, 0.358 0.515 0.519 0.502 0.644 0.655 0.376 Sleep stage 1;
339, 0.396 0.438 0.494 0.676 0.658 0.667 0.348 Sleep stage 1;
340, 0.378 0.455 0.522 0.333 0.663 0.669 0.354 Sleep stage 1;
341, 0.379 0.505 0.49 0.699 0.674 0.674 0.492 Sleep stage 1;
342, 0.365 0.514 0.543 0.266 0.591 0.665 0.37 Sleep stage 1;
343, 0.376 0.522 0.516 0.66 0.489 0.665 0.442 Sleep stage 1;
344, 0.389 0.475 0.522 0.266 0.544 0.661 0.436 Sleep stage 1;
345, 0.354 0.57 0.518 0.651 0.456 0.667 0.442 Sleep stage 1;
346, 0.431 0.43 0.561 0.347 0.663 0.657 0.541 Sleep stage 1;
347, 0.437 0.445 0.594 0.603 0.505 0.671 0.503 Sleep stage 1;
348, 0.402 0.367 0.512 0.534 0.708 0.658 0.508 Sleep stage 1;
349, 0.143 0.787 0.545 0.261 0.941 0.672 0.32 Sleep stage 1;
350, 0.241 0.373 0.529 0.979 0.926 0.673 0.155 Sleep stage 1;
351, 0.353 0.537 0.4 0.326 0.929 0.691 0.365 Sleep stage 1;
352, 0.433 0.437 0.693 0.211 0.929 0.677 0.276 Sleep stage 1;
353, 0.345 0.472 0.484 0.231 0.959 0.68 0.403 Sleep stage 1;
354, 0.332 0.349 0.586 0.47 0.946 0.672 0.453 Sleep stage 1;
355, 0.367 0.524 0.489 0.676 0.909 0.668 0.398 Sleep stage 1;
356, 0.378 0.447 0.514 0.123 0.916 0.658 0.448 Sleep stage 1;
357, 0.342 0.536 0.519 0.789 0.923 0.667 0.514 Sleep stage 1;
358, 0.385 0.432 0.539 0.264 0.928 0.662 0.459 Sleep stage 1;
359, 0.361 0.486 0.541 0.844 0.915 0.661 0.343 Sleep stage 1;
360, 0.425 0.464 0.559 0.404 0.909 0.667 0.238 Sleep stage 1;
361, 0.404 0.525 0.539 0.841 0.919 0.653 0.354 Sleep stage 1;
362, 0.4 0.51 0.553 0.452 0.889 0.662 0.409 Sleep stage 1;
363, 0.296 0.488 0.561 0.243 0.901 0.653 0.459 Sleep stage 1;
364, 0.355 0.447 0.555 0.779 0.835 0.655 0.47 Sleep stage 1;
365, 0.353 0.535 0.555 0.49 0.733 0.665 0.376 Sleep stage 1;
366, 0.319 0.629 0.536 0.271 0.716 0.654 0.343 Sleep stage 1;
367, 0.378 0.515 0.485 0.814 0.07 0.654 0.624 Sleep stage 1;
368, 0.375 0.454 0.543 0.254 0.06 0.641 0.503 Sleep stage 1;
369, 0.359 0.489 0.594 0.322 0.045 0.653 0.409 Sleep stage 1;
370, 0.393 0.477 0.562 0.392 0.097 0.652 0.442 Sleep stage 1;
371, 0.371 0.524 0.514 0.866 0.12 0.651 0.53 Sleep stage 1;
372, 0.38 0.511 0.539 0.184 0.105 0.63 0.63 Sleep stage 1;
373, 0.367 0.502 0.596 0.184 0.057 0.637 0.646 Sleep stage 1;
374, 0.385 0.489 0.56 0.731 0.08 0.645 0.635 Sleep stage 1;
375, 0.392 0.441 0.526 0.426 0.093 0.631 0.492 Sleep stage 1;
376, 0.363 0.549 0.566 0.341 0.084 0.644 0.624 Sleep stage 1;
377, 0.402 0.473 0.529 0.864 0.094 0.652 0.58 Sleep stage 1;
378, 0.379 0.453 0.56 0.164 0.115 0.645 0.525 Sleep stage 1;
379, 0.43 0.262 0.562 0.413 0.923 0.647 0.232 Sleep stage 1;
380, 0.364 0.441 0.502 0.039 0.91 0.652 0.249 Sleep stage 1;
381, 0.412 0.447 0.507 0.65 0.928 0.647 0.558 Sleep stage 1;
382, 0.399 0.487 0.561 0.292 0.182 0.65 0.53 Sleep stage 1;
383, 0.363 0.44 0.557 0.189 0.106 0.645 0.503 Sleep stage 1;
384, 0.375 0.483 0.561 0.966 0.079 0.651 0.238 Sleep stage 1;
385, 0.36 0.501 0.544 0.165 0.105 0.655 0.453 Sleep stage 1;
386, 0.397 0.46 0.549 0.919 0.078 0.646 0.442 Sleep stage 1;
387, 0.376 0.487 0.539 0.197 0.086 0.656 0.486 Sleep stage 1;
388, 0.391 0.473 0.541 0.892 0.114 0.647 0.558 Sleep stage 1;
389, 0.395 0.495 0.546 0.168 0.128 0.652 0.613 Sleep stage 1;
390, 0.375 0.468 0.548 0.872 0.103 0.65 0.475 Sleep stage 1;
391, 0.35 0.499 0.546 0.413 0.07 0.662 0.53 Sleep stage 1;
392, 0.393 0.473 0.541 0.329 0.238 0.662 0.486 Sleep stage 1;
393, 0.349 0.475 0.532 0.204 0.101 0.643 0.53 Sleep stage 1;
394, 0.383 0.505 0.536 0.533 0.037 0.661 0.326 Sleep stage 1;
395, 0.36 0.525 0.549 0.267 0.083 0.645 0.431 Sleep stage 1;
396, 0.343 0.509 0.494 0.626 0.08 0.648 0.376 Sleep stage 1;
397, 0.323 0.513 0.475 0.511 0.962 0.657 0.564 Sleep stage 1;
398, 0.409 0.501 0.667 0.632 0.939 0.651 0.37 Sleep stage 1;
399, 0.376 0.445 0.496 0.706 0.944 0.647 0.442 Sleep stage 1;
400, 0.389 0.477 0.533 0.272 0.939 0.646 0.309 Sleep stage 1;
401, 0.379 0.476 0.578 0.721 0.879 0.642 0.287 Sleep stage 1;
402, 0.371 0.49 0.553 0.364 0.826 0.652 0.232 Sleep stage 1;
403, 0.363 0.5 0.549 0.413 0.557 0.641 0.497 Sleep stage 1;
404, 0.372 0.45 0.543 0.68 0.511 0.647 0.387 Sleep stage 1;
405, 0.366 0.496 0.546 0.631 0.489 0.64 0.359 Sleep stage 1;
406, 0.394 0.481 0.543 0.516 0.531 0.653 0.387 Sleep stage 1;
407, 0.385 0.436 0.549 0.531 0.37 0.649 0.398 Sleep stage 1;
408, 0.422 0.446 0.541 0.378 0.509 0.649 0.492 Sleep stage 1;
409, 0.375 0.477 0.547 0.515 0.305 0.645 0.536 Sleep stage 1;
410, 0.39 0.485 0.55 0.372 0.383 0.646 0.508 Sleep stage 1;
411, 0.41 0.456 0.562 0.742 0.207 0.642 0.481 Sleep stage 1;
412, 0.383 0.461 0.563 0.489 0.295 0.643 0.536 Sleep stage 1;
413, 0.418 0.426 0.54 0.36 0.285 0.647 0.602 Sleep stage 1;
414, 0.354 0.547 0.561 0.381 0.242 0.64 0.63 Sleep stage 1;
415, 0.385 0.512 0.556 0.651 0.315 0.646 0.486 Sleep stage 1;
416, 0.389 0.426 0.55 0.481 0.22 0.639 0.409 Sleep stage 1;
417, 0.378 0.486 0.549 0.639 0.235 0.651 0.436 Sleep stage 1;
418, 0.33 0.53 0.548 0.581 0.057 0.644 0.464 Sleep stage 1;
419, 0.338 0.549 0.561 0.515 0.101 0.64 0.481 Sleep stage 1;
420, 0.302 0.473 0.601 0.319 0.124 0.653 0.536 Sleep stage 1;
421, 0.351 0.62 0.445 0.538 0.934 0.655 0.425 Sleep stage 1;
422, 0.315 0.478 0.599 0.726 0.197 0.647 0.586 Sleep stage 1;
423, 0.386 0.436 0.537 0.303 0.053 0.657 0.657 Sleep stage 1;
424, 0.392 0.446 0.556 0.637 0.051 0.642 0.58 Sleep stage 1;
425, 0.377 0.498 0.564 0.335 0.088 0.646 0.486 Sleep stage 1;
426, 0.379 0.481 0.554 0.763 0.056 0.647 0.552 Sleep stage 1;
427, 0.377 0.51 0.521 0.802 0.861 0.651 0.431 Sleep stage 1;
428, 0.342 0.5 0.584 0.203 0.715 0.657 0.519 Sleep stage 1;
429, 0.383 0.434 0.509 0.968 0.438 0.643 0.492 Sleep stage 1;
430, 0.37 0.458 0.561 0.2 0.439 0.662 0.619 Sleep stage 1;
431, 0.354 0.526 0.544 0.457 0.407 0.645 0.414 Sleep stage 1;
432, 0.369 0.468 0.583 0.31 0.245 0.668 0.475 Sleep stage 1;
433, 0.407 0.466 0.512 0.932 0.258 0.667 0.514 Sleep stage 1;
434, 0.372 0.49 0.548 0.225 0.326 0.643 0.58 Sleep stage 1;
435, 0.41 0.49 0.568 0.167 0.368 0.654 0.652 Sleep stage 1;
436, 0.415 0.493 0.541 0.793 0.257 0.66 0.613 Sleep stage 1;
437, 0.433 0.438 0.521 0.483 0.318 0.642 0.735 Sleep stage 1;
438, 0.408 0.449 0.572 0.179 0.34 0.656 0.597 Sleep stage 1;
439, 0.444 0.347 0.52 0.183 0.968 0.655 0.696 Sleep stage 1;
440, 0.436 0.429 0.784 0.129 0.949 0.652 0.552 Sleep stage 1;
441, 0.453 0.376 0.469 0.221 0.951 0.637 0.508 Sleep stage 1;
442, 0.404 0.403 0.512 0.18 0.912 0.643 0.32 Sleep stage 1;
443, 0.432 0.456 0.543 0.965 0.842 0.647 0.293 Sleep stage 1;
444, 0.489 0.443 0.568 0.126 0.901 0.641 0.525 Sleep stage 1;
445, 0.39 0.477 0.544 0.787 0.86 0.663 0.58 Sleep stage 1;
446, 0.385 0.497 0.546 0.764 0.635 0.639 0.608 Sleep stage 1;
447, 0.402 0.507 0.562 0.311 0.793 0.652 0.398 Sleep stage 1;
448, 0.366 0.518 0.551 0.983 0.589 0.647 0.359 Sleep stage 1;
449, 0.34 0.465 0.574 0.061 0.873 0.657 0.398 Sleep stage 1;
450, 0.322 0.585 0.543 0.96 0.726 0.652 0.47 Sleep stage 1;
451, 0.396 0.436 0.556 0.901 0.088 0.681 0.624 Sleep stage 1;
452, 0.465 0.513 0.47 0.627 0.896 0.689 0.497 Sleep stage 1;
453, 0.409 0.465 0.423 0.017 0.969 0.689 0.58 Sleep stage 1;
454, 0.397 0.501 0.585 0.372 0.886 0.684 0.47 Sleep stage 1;
455, 0.353 0.468 0.569 0.789 0.448 0.673 0.575 Sleep stage 1;
456, 0.382 0.403 0.592 0.233 0.516 0.679 0.608 Sleep stage 1;
457, 0.39 0.489 0.575 0.897 0.105 0.669 0.663 Sleep stage 1;
458, 0.394 0.482 0.57 0.27 0.217 0.68 0.547 Sleep stage 1;
459, 0.357 0.542 0.523 0.938 0.152 0.687 0.63 Sleep stage 1;
460, 0.368 0.502 0.596 0.173 0.192 0.679 0.525 Sleep stage 1;
461, 0.388 0.457 0.568 0.461 0.091 0.691 0.525 Sleep stage 1;
462, 0.357 0.479 0.511 0.823 0.079 0.684 0.58 Sleep stage 1;
463, 0.336 0.501 0.537 0.171 0.126 0.675 0.503 Sleep stage 1;
464, 0.402 0.466 0.545 0.674 0.037 0.691 0.497 Sleep stage 1;
465, 0.359 0.515 0.574 0.236 0.113 0.679 0.503 Sleep stage 1;
466, 0.385 0.471 0.552 0.69 0.141 0.69 0.481 Sleep stage 1;
467, 0.344 0.497 0.557 0.227 0.143 0.681 0.591 Sleep stage 1;
468, 0.376 0.49 0.534 0.412 0.133 0.696 0.387 Sleep stage 1;
469, 0.354 0.098 0.723 0.523 0.941 0.713 0.42 Sleep stage 1;
470, 0.325 0.493 0.531 0.115 0.969 0.693 0.343 Sleep stage 1;
471, 0.376 0.475 0.534 0.685 0.951 0.699 0.481 Sleep stage 1;
472, 0.364 0.501 0.543 0.279 0.343 0.688 0.586 Sleep stage 1;
473, 0.401 0.438 0.551 0.783 0.153 0.703 0.492 Sleep stage 1;
474, 0.344 0.527 0.534 0.101 0.211 0.691 0.674 Sleep stage 1;
475, 0.377 0.481 0.548 0.94 0.17 0.701 0.602 Sleep stage 1;
476, 0.403 0.465 0.567 0.184 0.194 0.701 0.58 Sleep stage 1;
477, 0.371 0.504 0.544 0.828 0.068 0.696 0.453 Sleep stage 1;
478, 0.354 0.524 0.551 0.226 0.088 0.699 0.365 Sleep stage 1;
479, 0.391 0.405 0.535 0.914 0.056 0.698 0.564 Sleep stage 1;
480, 0.322 0.494 0.561 0.2 0.12 0.691 0.547 Sleep stage 1;
481, 0.357 0.52 0.635 0.153 0.944 0.699 0.304 Sleep stage 1;
482, 0.409 0.468 0.451 0.9 0.897 0.706 0.26 Sleep stage 1;
483, 0.405 0.476 0.522 0.202 0.929 0.693 0.448 Sleep stage 1;
484, 0.349 0.502 0.623 0.638 0.803 0.705 0.387 Sleep stage 1;
485, 0.353 0.509 0.645 0.256 0.695 0.697 0.304 Sleep stage 1;
486, 0.405 0.489 0.471 0.575 0.748 0.706 0.304 Sleep stage 1;
487, 0.396 0.479 0.543 0.265 0.815 0.694 0.436 Sleep stage 1;
488, 0.387 0.453 0.63 0.734 0.723 0.712 0.569 Sleep stage 1;
489, 0.367 0.447 0.678 0.212 0.792 0.696 0.685 Sleep stage 1;
490, 0.405 0.446 0.581 0.816 0.689 0.701 0.376 Sleep stage 1;
491, 0.418 0.497 0.587 0.233 0.851 0.703 0.403 Sleep stage 1;
492, 0.378 0.416 0.516 0.48 0.816 0.701 0.354 Sleep stage 1;
493, 0.367 0.521 0.537 0.765 0.702 0.695 0.414 Sleep stage 1;
494, 0.326 0.525 0.556 0.328 0.645 0.702 0.398 Sleep stage 1;
495, 0.4 0.455 0.583 0.665 0.489 0.706 0.453 Sleep stage 1;
496, 0.38 0.499 0.465 0.237 0.627 0.702 0.138 Sleep stage 1;
497, 0.367 0.468 0.549 0.821 0.765 0.708 0.392 Sleep stage 1;
498, 0.367 0.498 0.447 0.215 0.671 0.69 0.536 Sleep stage 1;
499, 0.376 0.487 0.568 0.65 0.605 0.698 0.387 Sleep stage 1;
500, 0.382 0.474 0.657 0.447 0.643 0.692 0.519 Sleep stage 1;
501, 0.4 0.455 0.546 0.253 0.6 0.696 0.608 Sleep stage 1;
502, 0.416 0.486 0.551 0.68 0.473 0.696 0.392 Sleep stage 1;
503, 0.394 0.47 0.51 0.251 0.691 0.694 0.359 Sleep stage 1;
504, 0.343 0.512 0.561 0.761 0.592 0.698 0.602 Sleep stage 1;
505, 0.355 0.373 0.67 0.61 0.929 0.704 0.37 Sleep stage 1;
506, 0.373 0.574 0.571 0.162 0.952 0.7 0.387 Sleep stage 1;
507, 0.427 0.355 0.497 0.965 0.913 0.691 0.271 Sleep stage 1;
508, 0.373 0.445 0.633 0.383 0.974 0.688 0.547 Sleep stage 1;
509, 0.354 0.537 0.532 0.286 0.926 0.696 0.331 Sleep stage 1;
510, 0.365 0.479 0.519 0.975 0.94 0.696 0.519 Sleep stage 1;
511, 0.374 0.476 0.57 0.108 0.952 0.687 0.448 Sleep stage 1;
512, 0.362 0.518 0.561 0.952 0.853 0.694 0.42 Sleep stage 1;
513, 0.382 0.487 0.581 0.37 0.917 0.696 0.392 Sleep stage 1;
514, 0.4 0.439 0.544 0.213 0.846 0.687 0.514 Sleep stage 1;
515, 0.365 0.493 0.555 0.44 0.853 0.673 0.376 Sleep stage 1;
516, 0.331 0.482 0.586 0.406 0.905 0.695 0.558 Sleep stage 1;
517, 0.389 0.45 0.581 0.122 0.79 0.668 0.613 Sleep stage 1;
518, 0.391 0.49 0.524 0.312 0.709 0.651 0.558 Sleep stage 1;
519, 0.354 0.551 0.504 0.497 0.876 0.657 0.552 Sleep stage 1;
520, 0.398 0.421 0.553 0.318 0.923 0.665 0.232 Sleep stage 1;
521, 0.379 0.482 0.621 0.77 0.937 0.663 0.481 Sleep stage 1;
522, 0.362 0.494 0.555 0.925 0.941 0.656 0.403 Sleep stage 1;
523, 0.35 0.477 0.511 0.648 0.923 0.668 0.32 Sleep stage 1;
524, 0.369 0.531 0.555 0.028 0.944 0.662 0.42 Sleep stage 1;
525, 0.411 0.461 0.494 0.769 0.915 0.663 0.326 Sleep stage 1;
526, 0.38 0.431 0.543 0.331 0.951 0.65 0.298 Sleep stage 1;
527, 0.373 0.484 0.536 0.591 0.912 0.663 0.354 Sleep stage 1;
528, 0.386 0.438 0.539 0.401 0.96 0.653 0.503 Sleep stage 1;
529, 0.363 0.476 0.58 0.725 0.899 0.662 0.32 Sleep stage 1;
530, 0.382 0.508 0.545 0.144 0.934 0.661 0.436 Sleep stage 1;
531, 0.372 0.538 0.453 0.734 0.909 0.649 0.392 Sleep stage 1;
532, 0.378 0.489 0.546 0.371 0.903 0.655 0.298 Sleep stage 1;
533, 0.332 0.534 0.513 0.508 0.928 0.644 0.514 Sleep stage 1;
534, 0.346 0.503 0.564 0.787 0.912 0.646 0.53 Sleep stage 1;
535, 0.197 0.389 0.638 0.103 0.956 0.621 0.337 Sleep stage 1;
536, 0.371 0.477 0.56 0.423 0.945 0.633 0.425 Sleep stage 1;
537, 0.374 0.478 0.494 0.744 0.941 0.622 0.414 Sleep stage 1;
538, 0.401 0.476 0.577 0.488 0.95 0.627 0.414 Sleep stage 1;
539, 0.422 0.501 0.578 0.281 0.964 0.631 0.481 Sleep stage 1;
540, 0.422 0.451 0.552 0.623 0.962 0.625 0.525 Sleep stage 1;
541, 0.378 0.501 0.511 0.482 0.921 0.635 0.265 Sleep stage 1;
542, 0.384 0.478 0.526 0.626 0.919 0.623 0.326 Sleep stage 1;
543, 0.336 0.468 0.596 0.34 0.936 0.642 0.392 Sleep stage 1;
544, 0.39 0.494 0.551 0.54 0.945 0.62 0.431 Sleep stage 1;
545, 0.39 0.483 0.589 0.474 0.938 0.635 0.26 Sleep stage 1;
546, 0.401 0.475 0.498 0.716 0.928 0.632 0.464 Sleep stage 1;
547, 0.39 0.448 0.59 0.154 0.971 0.626 0.459 Sleep stage 1;
548, 0.414 0.462 0.562 0.67 0.937 0.634 0.475 Sleep stage 1;
549, 0.329 0.456 0.509 0.179 0.917 0.621 0.359 Sleep stage 1;
550, 0.362 0.467 0.51 0.075 0.963 0.625 0.503 Sleep stage 1;
551, 0.397 0.438 0.553 0.908 0.908 0.629 0.475 Sleep stage 1;
552, 0.389 0.517 0.496 0.241 0.939 0.627 0.569 Sleep stage 1;
553, 0.415 0.496 0.505 0.852 0.911 0.627 0.481 Sleep stage 1;
554, 0.353 0.461 0.571 0.153 0.96 0.627 0.552 Sleep stage 1;
555, 0.394 0.514 0.562 0.848 0.944 0.628 0.597 Sleep stage 1;
556, 0.394 0.517 0.529 0.388 0.937 0.641 0.58 Sleep stage 1;
557, 0.365 0.464 0.545 0.703 0.84 0.63 0.47 Sleep stage 1;
558, 0.411 0.471 0.53 0.768 0.894 0.637 0.392 Sleep stage 1;
559, 0.374 0.498 0.496 0.361 0.916 0.623 0.243 Sleep stage 1;
560, 0.38 0.511 0.603 0.4 0.896 0.634 0.193 Sleep stage 1;
561, 0.381 0.451 0.575 0.649 0.891 0.631 0.381 Sleep stage 1;
562, 0.365 0.476 0.556 0.308 0.904 0.633 0.254 Sleep stage 1;
563, 0.381 0.394 0.502 0.781 0.909 0.625 0.453 Sleep stage 1;
564, 0.342 0.483 0.604 0.22 0.946 0.632 0.575 Sleep stage 1;
565, bang;
