1, 0.383 0.517 0.546 0.497 0.942 0.878 0.503 Sleep stage W;
2, 0.384 0.447 0.56 0.492 0.939 0.878 0.552 Sleep stage W;
3, 0.398 0.488 0.579 0.488 0.926 0.88 0.525 Sleep stage W;
4, 0.444 0.531 0.491 0.489 0.937 0.876 0.519 Sleep stage W;
5, 0.386 0.461 0.584 0.489 0.921 0.879 0.42 Sleep stage W;
6, 0.362 0.446 0.551 0.491 0.935 0.883 0.613 Sleep stage W;
7, 0.356 0.48 0.541 0.498 0.92 0.876 0.448 Sleep stage W;
8, 0.323 0.477 0.734 0.482 0.911 0.878 0.481 Sleep stage W;
9, 0.369 0.523 0.594 0.49 0.91 0.885 0.47 Sleep stage W;
10, 0.376 0.494 0.452 0.488 0.924 0.876 0.536 Sleep stage W;
11, 0.488 0.469 0.474 0.489 0.926 0.871 0.63 Sleep stage W;
12, 0.394 0.432 0.642 0.485 0.904 0.868 0.459 Sleep stage W;
13, 0.52 0.392 0.699 0.493 0.939 0.862 0.503 Sleep stage W;
14, 0.37 0.494 0.813 0.49 0.915 0.869 0.514 Sleep stage W;
15, 0.313 0.429 0.847 0.496 0.954 0.87 0.602 Sleep stage W;
16, 0.376 0.525 0.481 0.496 0.932 0.875 0.409 Sleep stage W;
17, 0.336 0.515 0.555 0.485 0.917 0.876 0.42 Sleep stage W;
18, 0.4 0.519 0.499 0.484 0.901 0.876 0.414 Sleep stage W;
19, 0.393 0.429 0.535 0.494 0.944 0.874 0.564 Sleep stage W;
20, 0.358 0.495 0.536 0.49 0.934 0.866 0.552 Sleep stage W;
21, 0.469 0.612 0.232 0.488 0.929 0.87 0.519 Sleep stage W;
22, 0.486 0.489 0.418 0.5 0.95 0.883 0.608 Sleep stage W;
23, 0.34 0.424 0.735 0.488 0.925 0.873 0.564 Sleep stage W;
24, 0.336 0.522 0.577 0.489 0.938 0.876 0.519 Sleep stage W;
25, 0.341 0.512 0.586 0.49 0.927 0.873 0.47 Sleep stage W;
26, 0.407 0.444 0.419 0.487 0.914 0.878 0.486 Sleep stage W;
27, 0.411 0.513 0.446 0.484 0.924 0.869 0.669 Sleep stage W;
28, 0.328 0.5 0.561 0.485 0.93 0.869 0.519 Sleep stage W;
29, 0.352 0.471 0.556 0.483 0.919 0.859 0.669 Sleep stage W;
30, 0.459 0.503 0.411 0.494 0.946 0.87 0.58 Sleep stage W;
31, 0.467 0.57 0.45 0.488 0.927 0.875 0.591 Sleep stage W;
32, 0.471 0.545 0.397 0.494 0.922 0.869 0.492 Sleep stage W;
33, 0.324 0.479 0.494 0.493 0.939 0.879 0.569 Sleep stage W;
34, 0.322 0.514 0.651 0.493 0.923 0.875 0.475 Sleep stage W;
35, 0.38 0.405 0.578 0.488 0.911 0.88 0.403 Sleep stage W;
36, 0.311 0.472 0.601 0.483 0.925 0.872 0.442 Sleep stage W;
37, 0.359 0.514 0.554 0.484 0.92 0.875 0.453 Sleep stage W;
38, 0.402 0.478 0.531 0.484 0.915 0.87 0.365 Sleep stage W;
39, 0.327 0.482 0.514 0.485 0.918 0.871 0.503 Sleep stage W;
40, 0.261 0.469 0.599 0.489 0.918 0.87 0.448 Sleep stage W;
41, 0.386 0.522 0.547 0.491 0.934 0.87 0.58 Sleep stage W;
42, 0.387 0.489 0.526 0.494 0.933 0.871 0.608 Sleep stage W;
43, 0.308 0.361 0.605 0.488 0.923 0.873 0.608 Sleep stage W;
44, 0.297 0.463 0.668 0.484 0.901 0.869 0.497 Sleep stage W;
45, 0.349 0.476 0.514 0.487 0.891 0.869 0.459 Sleep stage W;
46, 0.382 0.453 0.503 0.494 0.961 0.873 0.74 Sleep stage W;
47, 0.375 0.51 0.528 0.487 0.924 0.883 0.541 Sleep stage W;
48, 0.429 0.459 0.542 0.494 0.945 0.881 0.58 Sleep stage W;
49, 0.332 0.503 0.535 0.489 0.942 0.867 0.713 Sleep stage W;
50, 0.374 0.502 0.575 0.485 0.921 0.868 0.53 Sleep stage W;
51, 0.387 0.439 0.609 0.487 0.91 0.871 0.409 Sleep stage W;
52, 0.298 0.556 0.517 0.493 0.915 0.875 0.558 Sleep stage W;
53, 0.381 0.444 0.525 0.49 0.919 0.875 0.586 Sleep stage W;
54, 0.433 0.536 0.497 0.491 0.91 0.872 0.569 Sleep stage W;
55, 0.415 0.525 0.528 0.496 0.94 0.87 0.63 Sleep stage W;
56, 0.378 0.423 0.602 0.492 0.9 0.869 0.459 Sleep stage W;
57, 0.43 0.533 0.522 0.491 0.939 0.872 0.58 Sleep stage W;
58, 0.316 0.49 0.673 0.498 0.93 0.874 0.525 Sleep stage W;
59, 0.429 0.446 0.529 0.492 0.955 0.873 0.453 Sleep stage W;
60, 0.427 0.515 0.563 0.487 0.937 0.871 0.459 Sleep stage W;
61, 0.346 0.402 0.607 0.491 0.945 0.876 0.547 Sleep stage W;
62, 0.422 0.523 0.591 0.483 0.936 0.876 0.431 Sleep stage W;
63, 0.372 0.439 0.559 0.485 0.929 0.875 0.387 Sleep stage W;
64, 0.432 0.654 0.468 0.486 0.924 0.873 0.459 Sleep stage W;
65, 0.437 0.486 0 0.496 0.957 0.865 0.475 Sleep stage W;
66, 0.35 0.463 0.474 0.489 0.933 0.872 0.459 Sleep stage W;
67, 0.497 0.498 0.485 0.49 0.892 0.876 0.348 Sleep stage W;
68, 0.342 0.441 0.5 0.488 0.905 0.875 0.436 Sleep stage W;
69, 0.368 0.514 0.551 0.488 0.916 0.872 0.486 Sleep stage W;
70, 0.378 0.442 0.569 0.495 0.92 0.871 0.53 Sleep stage W;
71, 0.455 0.452 0.572 0.49 0.934 0.877 0.569 Sleep stage W;
72, 0.382 0.491 0.611 0.489 0.905 0.876 0.453 Sleep stage W;
73, 0.42 0.496 0.545 0.489 0.922 0.865 0.436 Sleep stage W;
74, 0.347 0.436 0.639 0.485 0.927 0.868 0.569 Sleep stage W;
75, 0.333 0.48 0.597 0.489 0.91 0.868 0.486 Sleep stage W;
76, 0.291 0.47 0.444 0.491 0.904 0.864 0.398 Sleep stage W;
77, 0.349 0.433 0.597 0.493 0.929 0.861 0.63 Sleep stage W;
78, 0.374 0.535 0.545 0.494 0.921 0.865 0.558 Sleep stage W;
79, 0.437 0.473 0.669 0.496 0.925 0.866 0.641 Sleep stage W;
80, 0.396 0.591 0.331 0.5 0.916 0.858 0.569 Sleep stage W;
81, 0.365 0.564 0.534 0.5 0.942 0.873 0.702 Sleep stage W;
82, 0.343 0.447 0.54 0.498 0.938 0.872 0.635 Sleep stage W;
83, 0.364 0.498 0.439 0.498 0.937 0.87 0.409 Sleep stage W;
84, 0.281 0.478 0.683 0.496 0.918 0.877 0.448 Sleep stage W;
85, 0.391 0.449 0.688 0.495 0.933 0.873 0.436 Sleep stage W;
86, 0.461 0.544 0.381 0.487 0.942 0.873 0.497 Sleep stage W;
87, 0.373 0.446 0.625 0.492 0.96 0.869 0.652 Sleep stage W;
88, 0.472 0.433 0.803 0.485 0.916 0.874 0.508 Sleep stage W;
89, 0.364 0.491 0.492 0.493 0.938 0.875 0.591 Sleep stage W;
90, 0.431 0.47 0.672 0.482 0.921 0.87 0.53 Sleep stage W;
91, 0.369 0.488 0.629 0.493 0.943 0.871 0.58 Sleep stage W;
92, 0.364 0.455 0.555 0.493 0.94 0.869 0.696 Sleep stage W;
93, 0.429 0.712 0.443 0.495 0.93 0.874 0.613 Sleep stage W;
94, 0.293 0.399 0.703 0.493 0.921 0.871 0.492 Sleep stage W;
95, 0.524 0.566 0.584 0.501 0.918 0.872 0.508 Sleep stage W;
96, 0.372 0.511 0.697 0.497 0.918 0.877 0.597 Sleep stage W;
97, 0.372 0.435 0.602 0.493 0.933 0.871 0.58 Sleep stage W;
98, 0.354 0.439 0.578 0.494 0.91 0.874 0.552 Sleep stage W;
99, 0.324 0.495 0.58 0.493 0.907 0.873 0.492 Sleep stage W;
100, 0.371 0.484 0.551 0.495 0.937 0.874 0.558 Sleep stage W;
101, 0.424 0.485 0.504 0.492 0.914 0.869 0.409 Sleep stage W;
102, 0.364 0.492 0.691 0.488 0.924 0.866 0.519 Sleep stage W;
103, 0.408 0.493 0.683 0.486 0.911 0.873 0.425 Sleep stage W;
104, 0.351 0.42 0.29 0.497 0.907 0.873 0.304 Sleep stage W;
105, 0.333 0.481 0.589 0.488 0.914 0.875 0.414 Sleep stage W;
106, 0.364 0.442 0.536 0.495 0.909 0.869 0.414 Sleep stage W;
107, 0.434 0.438 0.685 0.494 0.907 0.873 0.459 Sleep stage W;
108, 0.447 0.459 0.528 0.493 0.933 0.866 0.541 Sleep stage W;
109, 0.371 0.487 0.551 0.494 0.917 0.869 0.525 Sleep stage W;
110, 0.378 0.508 0.546 0.491 0.909 0.865 0.492 Sleep stage W;
111, 0.362 0.468 0.518 0.49 0.92 0.864 0.42 Sleep stage W;
112, 0.391 0.489 0.539 0.492 0.958 0.866 0.707 Sleep stage W;
113, 0.383 0.5 0.529 0.5 0.939 0.864 0.619 Sleep stage W;
114, 0.422 0.446 0.527 0.498 0.93 0.866 0.558 Sleep stage W;
115, 0.405 0.46 0.565 0.493 0.921 0.866 0.58 Sleep stage W;
116, 0.372 0.438 0.53 0.495 0.951 0.867 0.746 Sleep stage W;
117, 0.38 0.498 0.552 0.494 0.93 0.869 0.602 Sleep stage W;
118, 0.378 0.476 0.547 0.495 0.907 0.872 0.586 Sleep stage W;
119, 0.31 0.496 0.847 0.494 0.921 0.874 0.459 Sleep stage W;
120, 0.362 0.447 0.555 0.495 0.944 0.878 0.481 Sleep stage W;
121, 0.397 0.489 0.564 0.493 0.967 0.875 0.586 Sleep stage W;
122, 0.383 0.457 0.549 0.495 0.939 0.879 0.337 Sleep stage W;
123, 0.339 0.461 0.634 0.489 0.926 0.874 0.387 Sleep stage W;
124, 0.341 0.456 0.487 0.495 0.932 0.876 0.436 Sleep stage W;
125, 0.326 0.493 0.469 0.494 0.948 0.871 0.486 Sleep stage W;
126, 0.361 0.399 0.557 0.493 0.92 0.876 0.298 Sleep stage W;
127, 0.376 0.448 0.545 0.494 0.944 0.867 0.475 Sleep stage W;
128, 0.379 0.46 0.634 0.487 0.93 0.868 0.602 Sleep stage W;
129, 0.337 0.545 0.55 0.485 0.933 0.869 0.525 Sleep stage W;
130, 0.378 0.541 0.58 0.492 0.924 0.876 0.536 Sleep stage W;
131, 0.463 0.561 0.359 0.487 0.904 0.873 0.525 Sleep stage W;
132, 0.28 0.659 0.616 0.486 0.934 0.866 0.591 Sleep stage W;
133, 0.383 0.517 0.478 0.488 0.907 0.866 0.47 Sleep stage W;
134, 0.319 0.439 0.53 0.493 0.928 0.877 0.569 Sleep stage W;
135, 0.393 0.509 0.579 0.491 0.935 0.872 0.536 Sleep stage W;
136, 0.381 0.498 0.594 0.485 0.921 0.872 0.558 Sleep stage W;
137, 0.38 0.52 0.57 0.496 0.941 0.866 0.785 Sleep stage W;
138, 0.463 0.507 0.598 0.491 0.919 0.862 0.53 Sleep stage W;
139, 0.464 0.537 0.453 0.491 0.927 0.867 0.652 Sleep stage W;
140, 0.431 0.407 0.547 0.494 0.924 0.867 0.718 Sleep stage W;
141, 0.386 0.446 0.482 0.493 0.931 0.866 0.597 Sleep stage W;
142, 0.399 0.476 0.472 0.492 0.929 0.861 0.652 Sleep stage W;
143, 0.447 0.537 0.371 0.501 0.91 0.871 0.464 Sleep stage W;
144, 0.389 0.538 0.51 0.49 0.913 0.869 0.448 Sleep stage W;
145, 0.349 0.459 0.578 0.488 0.923 0.871 0.464 Sleep stage W;
146, 0.421 0.517 0.49 0.489 0.932 0.872 0.503 Sleep stage W;
147, 0.464 0.303 0.623 0.482 0.93 0.869 0.481 Sleep stage W;
148, 0.362 0.401 0.541 0.482 0.909 0.873 0.414 Sleep stage W;
149, 0.417 0.509 0.557 0.481 0.954 0.867 0.702 Sleep stage W;
150, 0.352 0.451 0.579 0.487 0.958 0.87 0.575 Sleep stage W;
151, 0.356 0.445 0.512 0.493 0.947 0.873 0.503 Sleep stage W;
152, 0.355 0.517 0.508 0.49 0.913 0.872 0.481 Sleep stage W;
153, 0.274 0.511 0.508 0.49 0.937 0.865 0.564 Sleep stage W;
154, 0.294 0.437 0.571 0.489 0.922 0.863 0.481 Sleep stage W;
155, 0.452 0.539 0.523 0.489 0.927 0.873 0.53 Sleep stage W;
156, 0.332 0.435 0.557 0.491 0.928 0.867 0.497 Sleep stage W;
157, 0.364 0.454 0.555 0.485 0.917 0.873 0.47 Sleep stage W;
158, 0.265 0.58 0.596 0.49 0.939 0.868 0.519 Sleep stage W;
159, 0.39 0.503 0.502 0.488 0.926 0.863 0.448 Sleep stage W;
160, 0.319 0.522 0.585 0.489 0.922 0.866 0.403 Sleep stage W;
161, 0.381 0.459 0.626 0.492 0.916 0.862 0.42 Sleep stage W;
162, 0.528 0.602 0.489 0.487 0.916 0.861 0.569 Sleep stage W;
163, 0.376 0.472 0.765 0.496 0.91 0.861 0.42 Sleep stage W;
164, 0.337 0.534 0.396 0.497 0.932 0.867 0.409 Sleep stage W;
165, 0.409 0.567 0.709 0.499 0.942 0.87 0.459 Sleep stage W;
166, 0.371 0.494 0.356 0.488 0.887 0.868 0.149 Sleep stage W;
167, 0.301 0.531 0.672 0.492 0.934 0.873 0.392 Sleep stage W;
168, 0.379 0.489 0.577 0.49 0.943 0.869 0.492 Sleep stage W;
169, 0.407 0.437 0.576 0.49 0.929 0.866 0.431 Sleep stage W;
170, 0.389 0.485 0.508 0.49 0.916 0.872 0.32 Sleep stage W;
171, 0.383 0.539 0.53 0.486 0.921 0.864 0.409 Sleep stage W;
172, 0.358 0.513 0.508 0.487 0.915 0.873 0.475 Sleep stage W;
173, 0.376 0.483 0.513 0.493 0.928 0.864 0.392 Sleep stage W;
174, 0.4 0.508 0.831 0.49 0.934 0.865 0.591 Sleep stage W;
175, 0.401 0.429 0.525 0.498 0.921 0.875 0.575 Sleep stage W;
176, 0.407 0.498 0.455 0.495 0.937 0.873 0.602 Sleep stage W;
177, 0.314 0.463 0.593 0.49 0.914 0.866 0.497 Sleep stage W;
178, 0.364 0.484 0.574 0.492 0.881 0.871 0.387 Sleep stage W;
179, 0.385 0.478 0.739 0.491 0.922 0.872 0.558 Sleep stage W;
180, 0.289 0.466 0.75 0.491 0.889 0.866 0.492 Sleep stage W;
181, 0.408 0.297 0.532 0.491 0.91 0.87 0.448 Sleep stage W;
182, 0.373 0.543 0.519 0.497 0.925 0.871 0.497 Sleep stage W;
183, 0.336 0.518 0.563 0.492 0.919 0.87 0.525 Sleep stage W;
184, 0.34 0.466 0.533 0.488 0.918 0.866 0.519 Sleep stage W;
185, 0.423 0.429 0.497 0.496 0.921 0.867 0.486 Sleep stage W;
186, 0.424 0.411 0.465 0.491 0.932 0.859 0.586 Sleep stage W;
187, 0.374 0.436 0.543 0.489 0.927 0.865 0.536 Sleep stage W;
188, 0.412 0.448 0.559 0.489 0.895 0.863 0.414 Sleep stage W;
189, 0.414 0.45 0.559 0.497 0.901 0.859 0.331 Sleep stage W;
190, 0.314 0.42 0.63 0.488 0.895 0.864 0.459 Sleep stage W;
191, 0.491 0.44 0.583 0.495 0.906 0.863 0.47 Sleep stage W;
192, 0.373 0.457 0.455 0.502 0.916 0.859 0.431 Sleep stage W;
193, 0.303 0.447 0.569 0.488 0.916 0.864 0.508 Sleep stage W;
194, 0.412 0.514 0.572 0.492 0.91 0.865 0.586 Sleep stage W;
195, 0.354 0.409 0.44 0.491 0.906 0.862 0.552 Sleep stage W;
196, 0.42 0.486 0.56 0.488 0.899 0.867 0.481 Sleep stage W;
197, 0.403 0.486 0.526 0.488 0.924 0.863 0.613 Sleep stage W;
198, 0.495 0.512 0.588 0.492 0.906 0.861 0.436 Sleep stage W;
199, 0.372 0.476 0.512 0.49 0.888 0.866 0.398 Sleep stage W;
200, 0.384 0.422 0.539 0.493 0.935 0.861 0.602 Sleep stage W;
201, 0.402 0.506 0.505 0.491 0.914 0.866 0.42 Sleep stage W;
202, 0.369 0.528 0.431 0.491 0.915 0.868 0.348 Sleep stage W;
203, 0.402 0.511 0.456 0.491 0.949 0.875 0.376 Sleep stage W;
204, 0.416 0.511 0.478 0.484 0.913 0.871 0.381 Sleep stage W;
205, 0.388 0.416 0.6 0.491 0.919 0.864 0.155 Sleep stage W;
206, 0.404 0.539 0.5 0.483 0.918 0.869 0.293 Sleep stage W;
207, 0.362 0.516 0.54 0.485 0.94 0.861 0.32 Sleep stage W;
208, 0.408 0.493 0.578 0.486 0.916 0.864 0.337 Sleep stage W;
209, 0.301 0.434 0.564 0.485 0.947 0.865 0.403 Sleep stage W;
210, 0.436 0.442 0.496 0.485 0.905 0.865 0.32 Sleep stage W;
211, 0.379 0.518 0.514 0.484 0.934 0.859 0.392 Sleep stage W;
212, 0.377 0.426 0.438 0.484 0.928 0.86 0.376 Sleep stage W;
213, 0.372 0.531 0.525 0.481 0.933 0.857 0.42 Sleep stage W;
214, 0.513 0.509 0.51 0.485 0.924 0.858 0.475 Sleep stage W;
215, 0.365 0.558 0.55 0.489 0.933 0.856 0.37 Sleep stage W;
216, 0.346 0.457 0.541 0.48 0.869 0.854 0.492 Sleep stage W;
217, 0.352 0.52 0.669 0.486 0.953 0.86 0.442 Sleep stage W;
218, 0.406 0.557 0.49 0.487 0.929 0.86 0.492 Sleep stage W;
219, 0.32 0.314 0.569 0.486 0.929 0.868 0.398 Sleep stage W;
220, 0.38 0.452 0.634 0.487 0.937 0.864 0.381 Sleep stage W;
221, 0.299 0.478 0.507 0.482 0.904 0.863 0.343 Sleep stage W;
222, 0.414 0.463 0.454 0.483 0.916 0.861 0.536 Sleep stage W;
223, 0.394 0.502 0.541 0.485 0.928 0.861 0.635 Sleep stage W;
224, 0.372 0.471 0.552 0.479 0.909 0.854 0.481 Sleep stage W;
225, 0.442 0.579 0.564 0.481 0.91 0.854 0.503 Sleep stage W;
226, 0.411 0.483 0.671 0.488 0.925 0.858 0.519 Sleep stage W;
227, 0.266 0.503 0.565 0.495 0.96 0.857 0.713 Sleep stage W;
228, 0.358 0.464 0.737 0.484 0.899 0.864 0.409 Sleep stage W;
229, 0.34 0.422 0.534 0.489 0.932 0.865 0.53 Sleep stage W;
230, 0.577 0.54 0.724 0.487 0.903 0.855 0.47 Sleep stage W;
231, 0.341 0.468 0.488 0.493 0.906 0.858 0.337 Sleep stage W;
232, 0.347 0.475 0.561 0.489 0.91 0.856 0.376 Sleep stage W;
233, 0.266 0.454 0.362 0.486 0.905 0.861 0.304 Sleep stage W;
234, 0.353 0.484 0.528 0.494 0.922 0.846 0.365 Sleep stage W;
235, 0.473 0.587 0.273 0.487 0.917 0.851 0.365 Sleep stage W;
236, 0.379 0.518 0.514 0.488 0.93 0.849 0.514 Sleep stage W;
237, 0.398 0.487 0.522 0.485 0.923 0.854 0.519 Sleep stage W;
238, 0.367 0.481 0.618 0.486 0.904 0.856 0.425 Sleep stage W;
239, 0.402 0.498 0.511 0.488 0.906 0.854 0.464 Sleep stage W;
240, 0.38 0.443 0.611 0.494 0.923 0.844 0.481 Sleep stage W;
241, 0.507 0.51 0.633 0.484 0.917 0.842 0.481 Sleep stage W;
242, 0.286 0.417 0.577 0.489 0.926 0.85 0.508 Sleep stage W;
243, 0.407 0.47 0.501 0.489 0.924 0.842 0.459 Sleep stage W;
244, 0.357 0.455 0.537 0.485 0.923 0.844 0.536 Sleep stage W;
245, 0.298 0.448 0.568 0.486 0.962 0.847 0.613 Sleep stage W;
246, 0.371 0.5 0.603 0.485 0.916 0.84 0.475 Sleep stage W;
247, 0.378 0.484 0.55 0.486 0.921 0.837 0.475 Sleep stage W;
248, 0.398 0.426 0.558 0.485 0.892 0.84 0.287 Sleep stage W;
249, 0.324 0.46 0.569 0.485 0.924 0.844 0.464 Sleep stage W;
250, 0.336 0.535 0.524 0.483 0.928 0.842 0.514 Sleep stage W;
251, 0.367 0.46 0.555 0.49 0.937 0.837 0.519 Sleep stage W;
252, 0.395 0.491 0.522 0.485 0.898 0.834 0.47 Sleep stage W;
253, 0.368 0.531 0.531 0.486 0.929 0.835 0.508 Sleep stage W;
254, 0.405 0.511 0.705 0.482 0.915 0.841 0.552 Sleep stage W;
255, 0.391 0.44 0.546 0.482 0.938 0.847 0.608 Sleep stage W;
256, 0.38 0.458 0.537 0.485 0.907 0.838 0.398 Sleep stage W;
257, 0.387 0.475 0.509 0.481 0.909 0.841 0.481 Sleep stage W;
258, 0.29 0.521 0.53 0.49 0.909 0.846 0.304 Sleep stage W;
259, 0.358 0.481 0.544 0.485 0.941 0.844 0.575 Sleep stage W;
260, 0.379 0.523 0.528 0.487 0.921 0.84 0.453 Sleep stage W;
261, 0.205 0.409 0.569 0.494 0.949 0.838 0.68 Sleep stage W;
262, 0.368 0.471 0.572 0.489 0.945 0.844 0.503 Sleep stage W;
263, 0.378 0.509 0.542 0.487 0.929 0.839 0.591 Sleep stage W;
264, 0.418 0.474 0.538 0.496 0.943 0.837 0.541 Sleep stage W;
265, 0.367 0.456 0.557 0.488 0.927 0.838 0.436 Sleep stage W;
266, 0.373 0.487 0.545 0.483 0.941 0.842 0.724 Sleep stage W;
267, 0.384 0.491 0.587 0.486 0.933 0.842 0.569 Sleep stage W;
268, 0.355 0.476 0.539 0.488 0.939 0.84 0.586 Sleep stage W;
269, 0.396 0.463 0.545 0.482 0.93 0.837 0.586 Sleep stage W;
270, 0.398 0.476 0.535 0.487 0.943 0.839 0.652 Sleep stage W;
271, 0.441 0.55 0.569 0.483 0.915 0.837 0.624 Sleep stage W;
272, 0.358 0.479 0.54 0.484 0.906 0.839 0.492 Sleep stage W;
273, 0.399 0.469 0.548 0.485 0.912 0.842 0.508 Sleep stage W;
274, 0.394 0.492 0.546 0.482 0.909 0.835 0.575 Sleep stage W;
275, 0.382 0.513 0.559 0.488 0.921 0.837 0.503 Sleep stage W;
276, 0.344 0.498 0.538 0.49 0.905 0.845 0.492 Sleep stage W;
277, 0.378 0.487 0.522 0.489 0.905 0.843 0.42 Sleep stage W;
278, 0.364 0.5 0.543 0.489 0.931 0.848 0.464 Sleep stage W;
279, 0.342 0.455 0.562 0.488 0.926 0.842 0.514 Sleep stage W;
280, 0.284 0.517 0.523 0.483 0.906 0.843 0.492 Sleep stage W;
281, 0.4 0.488 0.543 0.481 0.916 0.844 0.497 Sleep stage W;
282, 0.362 0.517 0.552 0.484 0.928 0.842 0.602 Sleep stage W;
283, 0.335 0.494 0.555 0.489 0.938 0.841 0.575 Sleep stage W;
284, 0.384 0.492 0.613 0.48 0.933 0.843 0.624 Sleep stage W;
285, 0.339 0.466 0.526 0.487 0.937 0.842 0.669 Sleep stage W;
286, 0.384 0.485 0.527 0.485 0.921 0.84 0.459 Sleep stage W;
287, 0.365 0.462 0.494 0.484 0.921 0.835 0.602 Sleep stage W;
288, 0.371 0.513 0.527 0.487 0.926 0.838 0.536 Sleep stage W;
289, 0.369 0.44 0.543 0.485 0.923 0.839 0.53 Sleep stage W;
290, 0.376 0.482 0.542 0.485 0.947 0.839 0.624 Sleep stage W;
291, 0.34 0.496 0.568 0.486 0.905 0.837 0.431 Sleep stage W;
292, 0.373 0.485 0.527 0.489 0.934 0.837 0.486 Sleep stage W;
293, 0.332 0.516 0.548 0.489 0.934 0.839 0.53 Sleep stage W;
294, 0.339 0.502 0.533 0.489 0.95 0.836 0.547 Sleep stage W;
295, 0.384 0.462 0.514 0.484 0.948 0.842 0.558 Sleep stage W;
296, 0.384 0.448 0.523 0.49 0.9 0.843 0.331 Sleep stage W;
297, 0.355 0.499 0.557 0.486 0.911 0.844 0.392 Sleep stage W;
298, 0.463 0.492 0.566 0.482 0.916 0.842 0.481 Sleep stage W;
299, 0.405 0.457 0.556 0.485 0.93 0.836 0.514 Sleep stage W;
300, 0.387 0.492 0.567 0.483 0.926 0.839 0.47 Sleep stage W;
301, 0.27 0.468 0.536 0.487 0.911 0.839 0.486 Sleep stage W;
302, 0.173 0.468 0.508 0.488 0.924 0.84 0.486 Sleep stage W;
303, 0.359 0.493 0.554 0.487 0.917 0.837 0.403 Sleep stage W;
304, 0.324 0.486 0.567 0.484 0.923 0.844 0.481 Sleep stage W;
305, 0.353 0.468 0.532 0.492 0.95 0.839 0.613 Sleep stage W;
306, 0.423 0.518 0.829 0.481 0.932 0.845 0.569 Sleep stage W;
307, 0.314 0.445 0.703 0.48 0.92 0.842 0.475 Sleep stage W;
308, 0.387 0.465 0.544 0.486 0.912 0.837 0.552 Sleep stage W;
309, 0.398 0.488 0.541 0.483 0.928 0.838 0.564 Sleep stage W;
310, 0.383 0.482 0.55 0.486 0.956 0.837 0.58 Sleep stage W;
311, 0.343 0.481 0.352 0.492 0.913 0.843 0.586 Sleep stage W;
312, 0.337 0.485 0.533 0.491 0.945 0.844 0.63 Sleep stage W;
313, 0.657 0.63 0.559 0.48 0.92 0.833 0.519 Sleep stage W;
314, 0.231 0.422 0.553 0.484 0.923 0.841 0.448 Sleep stage W;
315, 0.376 0.496 0.578 0.487 0.947 0.836 0.663 Sleep stage W;
316, 0.408 0.485 0.552 0.485 0.914 0.839 0.42 Sleep stage W;
317, 0.395 0.464 0.539 0.482 0.915 0.84 0.475 Sleep stage W;
318, 0.384 0.451 0.571 0.487 0.935 0.839 0.541 Sleep stage W;
319, 0.357 0.526 0.554 0.483 0.911 0.836 0.569 Sleep stage W;
320, 0.379 0.484 0.457 0.491 0.935 0.836 0.602 Sleep stage W;
321, 0.378 0.498 0.358 0.494 0.926 0.839 0.514 Sleep stage W;
322, 0.403 0.461 0.509 0.487 0.94 0.837 0.58 Sleep stage W;
323, 0.37 0.482 0.57 0.485 0.934 0.837 0.729 Sleep stage W;
324, 0.524 0.48 0.446 0.489 0.929 0.837 0.464 Sleep stage W;
325, 0.391 0.47 0.532 0.493 0.934 0.836 0.552 Sleep stage W;
326, 0.386 0.48 0.474 0.491 0.926 0.84 0.519 Sleep stage W;
327, 0.256 0.468 0.544 0.489 0.926 0.841 0.525 Sleep stage W;
328, 0.275 0.488 0.667 0.484 0.915 0.837 0.597 Sleep stage W;
329, 0.352 0.513 0.451 0.482 0.912 0.839 0.431 Sleep stage W;
330, 0.397 0.48 0.557 0.49 0.943 0.834 0.514 Sleep stage W;
331, 0.394 0.47 0.517 0.49 0.942 0.826 0.514 Sleep stage W;
332, 0.389 0.483 0.528 0.486 0.929 0.84 0.492 Sleep stage W;
333, 0.359 0.449 0.577 0.482 0.93 0.833 0.464 Sleep stage W;
334, 0.386 0.488 0.556 0.491 0.933 0.835 0.536 Sleep stage W;
335, 0.373 0.472 0.568 0.49 0.916 0.83 0.547 Sleep stage W;
336, 0.349 0.527 0.566 0.482 0.932 0.836 0.53 Sleep stage W;
337, 0.317 0.469 0.56 0.493 0.93 0.835 0.453 Sleep stage W;
338, 0.394 0.467 0.546 0.486 0.912 0.839 0.464 Sleep stage W;
339, 0.375 0.47 0.555 0.485 0.934 0.832 0.608 Sleep stage W;
340, 0.397 0.467 0.553 0.487 0.927 0.835 0.508 Sleep stage W;
341, 0.38 0.513 0.539 0.489 0.944 0.836 0.508 Sleep stage W;
342, 0.391 0.502 0.485 0.485 0.943 0.833 0.575 Sleep stage W;
343, 0.395 0.596 0.488 0.484 0.926 0.837 0.503 Sleep stage W;
344, 0.286 0.505 0.395 0.489 0.942 0.836 0.514 Sleep stage W;
345, 0.443 0.5 0.557 0.48 0.906 0.839 0.431 Sleep stage W;
346, 0.335 0.485 0.626 0.486 0.894 0.836 0.276 Sleep stage W;
347, 0.372 0.534 0.513 0.489 0.918 0.839 0.442 Sleep stage W;
348, 0.443 0.528 0.464 0.486 0.934 0.844 0.459 Sleep stage W;
349, 0.479 0.492 0.802 0.485 0.923 0.831 0.436 Sleep stage W;
350, 0.375 0.501 0.496 0.491 0.949 0.833 0.624 Sleep stage W;
351, 0.5 0.473 0.41 0.488 0.911 0.833 0.464 Sleep stage W;
352, 0.4 0.592 0.715 0.485 0.938 0.838 0.541 Sleep stage W;
353, 0.334 0.483 0.572 0.489 0.946 0.843 0.663 Sleep stage W;
354, 0.374 0.446 0.697 0.484 0.928 0.842 0.613 Sleep stage W;
355, 0.359 0.516 0.71 0.487 0.933 0.847 0.646 Sleep stage W;
356, 0.354 0.405 0.58 0.491 0.914 0.844 0.337 Sleep stage W;
357, 0.446 0.524 0.403 0.494 0.934 0.846 0.475 Sleep stage W;
358, 0.415 0.458 0.697 0.492 0.904 0.849 0.497 Sleep stage W;
359, 0.32 0.529 0.548 0.495 0.94 0.854 0.613 Sleep stage W;
360, 0.376 0.502 0.499 0.488 0.91 0.852 0.365 Sleep stage W;
361, 0.575 0.569 0.819 0.489 0.923 0.848 0.552 Sleep stage W;
362, 0.544 0.551 0.293 0.499 0.944 0.857 0.453 Sleep stage W;
363, 0.433 0.44 0.648 0.495 0.929 0.854 0.409 Sleep stage W;
364, 0.394 0.453 0.529 0.493 0.917 0.854 0.47 Sleep stage W;
365, 0.414 0.406 0.623 0.497 0.941 0.854 0.552 Sleep stage W;
366, 0.381 0.455 0.545 0.495 0.922 0.854 0.42 Sleep stage W;
367, 0.37 0.45 0.646 0.495 0.922 0.853 0.47 Sleep stage W;
368, 0.432 0.564 0.538 0.49 0.914 0.854 0.315 Sleep stage W;
369, 0.409 0.526 0.52 0.494 0.909 0.851 0.459 Sleep stage W;
370, 0.396 0.498 0.537 0.491 0.916 0.854 0.481 Sleep stage W;
371, 0.381 0.482 0.6 0.498 0.92 0.853 0.431 Sleep stage W;
372, 0.338 0.532 0.549 0.5 0.905 0.827 0.315 Sleep stage W;
373, 0.361 0.424 0.509 0.497 0.926 0.82 0.387 Sleep stage W;
374, 0.347 0.462 0.564 0.497 0.922 0.806 0.475 Sleep stage W;
375, 0.282 0.389 0.596 0.493 0.92 0.803 0.337 Sleep stage W;
376, 0.421 0.537 0.569 0.495 0.941 0.799 0.376 Sleep stage W;
377, 0.261 0.561 0.372 0.5 0.934 0.793 0.387 Sleep stage W;
378, 0.383 0.452 0.71 0.489 0.905 0.799 0.315 Sleep stage W;
379, 0.346 0.374 0.437 0.489 0.936 0.801 0.442 Sleep stage W;
380, 0.422 0.443 0.419 0.496 0.922 0.804 0.409 Sleep stage W;
381, 0.41 0.541 0.448 0.496 0.93 0.806 0.42 Sleep stage W;
382, 0.35 0.455 0.666 0.493 0.924 0.807 0.387 Sleep stage W;
383, 0.348 0.553 0.345 0.495 0.907 0.804 0.243 Sleep stage W;
384, 0.368 0.511 0.512 0.491 0.932 0.811 0.453 Sleep stage W;
385, 0.321 0.523 0.549 0.501 0.921 0.813 0.442 Sleep stage W;
386, 0.235 0.468 0.459 0.505 0.93 0.818 0.387 Sleep stage W;
387, 0.415 0.604 0.486 0.493 0.911 0.815 0.315 Sleep stage W;
388, 0.376 0.328 0.521 0.495 0.877 0.807 0.315 Sleep stage W;
389, 0.416 0.413 0.47 0.502 0.921 0.824 0.326 Sleep stage W;
390, 0.298 0.512 0.581 0.496 0.92 0.825 0.448 Sleep stage W;
391, 0.367 0.524 0.729 0.491 0.896 0.821 0.304 Sleep stage W;
392, 0.4 0.517 0.591 0.49 0.908 0.832 0.409 Sleep stage W;
393, 0.357 0.369 0.512 0.501 0.924 0.836 0.315 Sleep stage W;
394, 0.332 0.538 0.333 0.503 0.899 0.836 0.26 Sleep stage W;
395, 0.367 0.585 0.544 0.506 0.925 0.831 0.343 Sleep stage W;
396, 0.364 0.497 0.525 0.498 0.918 0.831 0.315 Sleep stage W;
397, 0.402 0.511 0.528 0.499 0.936 0.831 0.381 Sleep stage W;
398, 0.397 0.514 0.551 0.503 0.909 0.833 0.42 Sleep stage W;
399, 0.509 0.394 0.321 0.5 0.933 0.833 0.497 Sleep stage W;
400, 0.326 0.454 0.453 0.5 0.937 0.839 0.514 Sleep stage W;
401, 0.365 0.504 0.623 0.498 0.912 0.832 0.304 Sleep stage W;
402, 0.473 0.505 0.496 0.495 0.926 0.839 0.337 Sleep stage W;
403, 0.442 0.468 0.48 0.498 0.941 0.837 0.425 Sleep stage W;
404, 0.387 0.494 0.65 0.493 0.916 0.835 0.453 Sleep stage W;
405, 0.3 0.391 0.457 0.494 0.912 0.837 0.381 Sleep stage W;
406, 0.358 0.397 0.511 0.496 0.925 0.835 0.365 Sleep stage W;
407, 0.406 0.494 0.497 0.492 0.93 0.838 0.387 Sleep stage W;
408, 0.368 0.422 0.355 0.495 0.954 0.839 0.414 Sleep stage W;
409, 0.449 0.441 0.542 0.496 0.918 0.84 0.442 Sleep stage W;
410, 0.356 0.547 0.561 0.495 0.92 0.83 0.243 Sleep stage W;
411, 0.368 0.491 0.537 0.498 0.943 0.843 0.442 Sleep stage W;
412, 0.429 0.311 0.572 0.5 0.947 0.841 0.425 Sleep stage W;
413, 0.378 0.477 0.562 0.495 0.938 0.843 0.37 Sleep stage W;
414, 0.296 0.546 0.611 0.5 0.933 0.838 0.42 Sleep stage W;
415, 0.453 0.549 0.719 0.495 0.95 0.842 0.541 Sleep stage W;
416, 0.409 0.493 0.446 0.496 0.913 0.848 0.348 Sleep stage W;
417, 0.305 0.519 0.556 0.493 0.921 0.835 0.481 Sleep stage W;
418, 0.409 0.351 0.516 0.489 0.902 0.851 0.354 Sleep stage W;
419, 0.379 0.484 0.365 0.494 0.916 0.845 0.276 Sleep stage W;
420, 0.271 0.458 0.652 0.493 0.92 0.846 0.47 Sleep stage W;
421, 0.434 0.486 0.556 0.497 0.932 0.845 0.508 Sleep stage W;
422, 0.404 0.486 0.551 0.504 0.952 0.851 0.459 Sleep stage W;
423, 0.353 0.428 0.503 0.498 0.921 0.845 0.453 Sleep stage W;
424, 0.374 0.538 0.584 0.499 0.918 0.842 0.503 Sleep stage W;
425, 0.322 0.419 0.628 0.501 0.95 0.844 0.547 Sleep stage W;
426, 0.355 0.478 0.603 0.501 0.946 0.841 0.58 Sleep stage W;
427, 0.407 0.512 0.643 0.493 0.916 0.843 0.37 Sleep stage W;
428, 0.39 0.6 0.629 0.495 0.911 0.839 0.486 Sleep stage W;
429, 0.346 0.481 0.498 0.494 0.9 0.847 0.337 Sleep stage W;
430, 0.407 0.462 0.527 0.494 0.893 0.843 0.381 Sleep stage W;
431, 0.357 0.45 0.538 0.503 0.913 0.852 0.304 Sleep stage W;
432, 0.364 0.5 0.341 0.5 0.92 0.85 0.442 Sleep stage W;
433, 0.427 0.37 0.573 0.497 0.909 0.852 0.381 Sleep stage W;
434, 0.332 0.554 0.649 0.5 0.939 0.854 0.453 Sleep stage W;
435, 0.425 0.276 0.611 0.492 0.896 0.851 0.199 Sleep stage W;
436, 0.41 0.54 0.463 0.491 0.901 0.853 0.359 Sleep stage W;
437, 0.36 0.442 0.5 0.496 0.879 0.854 0.298 Sleep stage W;
438, 0.376 0.501 0.461 0.5 0.898 0.857 0.326 Sleep stage W;
439, 0.38 0.467 0.487 0.493 0.905 0.856 0.298 Sleep stage W;
440, 0.331 0.521 0.576 0.497 0.922 0.852 0.492 Sleep stage W;
441, 0.377 0.405 0.588 0.493 0.907 0.856 0.431 Sleep stage W;
442, 0.337 0.471 0.56 0.495 0.907 0.864 0.442 Sleep stage W;
443, 0.288 0.495 0.549 0.501 0.917 0.852 0.53 Sleep stage W;
444, 0.39 0.46 0.674 0.491 0.928 0.854 0.63 Sleep stage W;
445, 0.325 0.546 0.363 0.502 0.954 0.863 0.558 Sleep stage W;
446, 0.389 0.513 0.577 0.497 0.933 0.861 0.569 Sleep stage W;
447, 0.381 0.471 0.616 0.496 0.908 0.859 0.503 Sleep stage W;
448, 0.379 0.535 0.541 0.495 0.917 0.861 0.486 Sleep stage W;
449, 0.403 0.445 0.557 0.498 0.94 0.864 0.448 Sleep stage W;
450, 0.371 0.446 0.545 0.492 0.929 0.867 0.459 Sleep stage W;
451, 0.369 0.492 0.513 0.495 0.904 0.86 0.42 Sleep stage W;
452, 0.407 0.414 0.524 0.493 0.922 0.868 0.376 Sleep stage W;
453, 0.341 0.535 0.574 0.489 0.913 0.866 0.337 Sleep stage W;
454, 0.411 0.492 0.591 0.491 0.932 0.866 0.398 Sleep stage W;
455, 0.347 0.495 0.527 0.493 0.928 0.864 0.414 Sleep stage W;
456, 0.456 0.54 0.537 0.492 0.92 0.866 0.271 Sleep stage W;
457, 0.397 0.508 0.468 0.498 0.953 0.874 0.403 Sleep stage W;
458, 0.37 0.493 0.472 0.495 0.943 0.867 0.304 Sleep stage W;
459, 0.365 0.426 0.573 0.49 0.94 0.865 0.525 Sleep stage W;
460, 0.368 0.48 0.554 0.494 0.947 0.867 0.381 Sleep stage W;
461, 0.386 0.453 0.565 0.489 0.916 0.871 0.276 Sleep stage W;
462, 0.392 0.527 0.556 0.488 0.913 0.874 0.166 Sleep stage W;
463, 0.417 0.451 0.511 0.493 0.932 0.874 0.442 Sleep stage W;
464, 0.342 0.514 0.574 0.491 0.913 0.873 0.359 Sleep stage W;
465, 0.414 0.493 0.567 0.494 0.917 0.87 0.359 Sleep stage W;
466, 0.447 0.591 0.435 0.492 0.918 0.873 0.448 Sleep stage W;
467, 0.351 0.369 0.765 0.494 0.91 0.868 0.464 Sleep stage W;
468, 0.359 0.468 0.631 0.493 0.934 0.87 0.586 Sleep stage W;
469, 0.376 0.538 0.49 0.496 0.926 0.875 0.464 Sleep stage W;
470, 0.531 0.383 0.543 0.497 0.897 0.876 0.354 Sleep stage W;
471, 0.433 0.539 0.388 0.495 0.901 0.875 0.32 Sleep stage W;
472, 0.341 0.451 0.602 0.496 0.92 0.866 0.453 Sleep stage W;
473, 0.396 0.552 0.548 0.491 0.893 0.873 0.298 Sleep stage W;
474, 0.325 0.426 0.64 0.491 0.902 0.878 0.508 Sleep stage W;
475, 0.391 0.472 0.45 0.5 0.934 0.879 0.387 Sleep stage W;
476, 0.354 0.479 0.555 0.49 0.926 0.869 0.558 Sleep stage W;
477, 0.467 0.412 0.464 0.494 0.908 0.865 0.497 Sleep stage W;
478, 0.407 0.442 0.501 0.491 0.941 0.874 0.497 Sleep stage W;
479, 0.409 0.52 0.613 0.493 0.928 0.867 0.459 Sleep stage W;
480, 0.404 0.459 0.402 0.497 0.919 0.87 0.381 Sleep stage W;
481, 0.41 0.529 0.607 0.497 0.933 0.869 0.564 Sleep stage W;
482, 0.397 0.482 0.498 0.493 0.933 0.874 0.536 Sleep stage W;
483, 0.288 0.431 0.54 0.497 0.93 0.869 0.591 Sleep stage W;
484, 0.396 0.618 0.317 0.498 0.94 0.879 0.514 Sleep stage W;
485, 0.416 0.593 0.466 0.503 0.939 0.873 0.602 Sleep stage W;
486, 0.392 0.56 0.403 0.492 0.895 0.876 0.398 Sleep stage W;
487, 0.425 0.46 0.335 0.498 0.91 0.876 0.464 Sleep stage W;
488, 0.219 0.469 0.736 0.493 0.914 0.884 0.536 Sleep stage W;
489, 0.359 0.529 0.472 0.493 0.945 0.88 0.663 Sleep stage W;
490, 0.261 0.389 0.518 0.498 0.91 0.876 0.359 Sleep stage W;
491, 0.364 0.518 0.447 0.498 0.938 0.885 0.492 Sleep stage W;
492, 0.379 0.528 0.472 0.496 0.922 0.869 0.381 Sleep stage W;
493, 0.45 0.472 0.516 0.5 0.926 0.877 0.387 Sleep stage W;
494, 0.437 0.495 0.485 0.494 0.917 0.879 0.381 Sleep stage W;
495, 0.378 0.468 0.735 0.489 0.902 0.872 0.304 Sleep stage W;
496, 0.35 0.479 0.463 0.49 0.906 0.879 0.265 Sleep stage W;
497, 0.379 0.506 0.743 0.495 0.923 0.872 0.425 Sleep stage W;
498, 0.365 0.476 0.507 0.487 0.913 0.876 0.376 Sleep stage W;
499, 0.402 0.486 0.674 0.484 0.921 0.871 0.243 Sleep stage W;
500, 0.196 0.492 0.677 0.493 0.922 0.864 0.326 Sleep stage W;
501, 0.389 0.474 0.679 0.49 0.927 0.869 0.337 Sleep stage W;
502, 0.371 0.521 0.53 0.485 0.921 0.873 0.387 Sleep stage W;
503, 0.328 0.54 0.547 0.482 0.932 0.866 0.359 Sleep stage W;
504, 0.379 0.527 0.542 0.486 0.939 0.866 0.475 Sleep stage W;
505, 0.336 0.478 0.657 0.483 0.922 0.868 0.442 Sleep stage W;
506, 0.429 0.46 0.558 0.486 0.892 0.871 0.276 Sleep stage W;
507, 0.259 0.356 0.74 0.486 0.93 0.869 0.453 Sleep stage W;
508, 0.328 0.425 0.667 0.485 0.912 0.862 0.343 Sleep stage W;
509, 0.406 0.439 0.646 0.488 0.938 0.87 0.497 Sleep stage W;
510, 0.285 0.485 0.459 0.49 0.907 0.863 0.403 Sleep stage W;
511, 0.422 0.516 0.406 0.492 0.94 0.867 0.558 Sleep stage W;
512, 0.412 0.484 0.584 0.485 0.949 0.864 0.547 Sleep stage W;
513, 0.384 0.364 0.634 0.486 0.941 0.864 0.575 Sleep stage W;
514, 0.314 0.533 0.527 0.49 0.926 0.866 0.508 Sleep stage W;
515, 0.374 0.48 0.606 0.488 0.924 0.864 0.503 Sleep stage W;
516, 0.383 0.437 0.454 0.49 0.952 0.871 0.486 Sleep stage W;
517, 0.415 0.427 0.49 0.483 0.945 0.866 0.619 Sleep stage W;
518, 0.326 0.34 0.582 0.488 0.927 0.871 0.508 Sleep stage W;
519, 0.37 0.508 0.498 0.488 0.935 0.868 0.497 Sleep stage W;
520, 0.334 0.353 0.501 0.477 0.9 0.868 0.425 Sleep stage W;
521, 0.375 0.523 0.6 0.485 0.921 0.864 0.475 Sleep stage W;
522, 0.37 0.511 0.639 0.485 0.922 0.868 0.547 Sleep stage W;
523, 0.389 0.523 0.623 0.485 0.907 0.869 0.481 Sleep stage W;
524, 0.365 0.501 0.513 0.489 0.93 0.871 0.514 Sleep stage W;
525, 0.363 0.493 0.52 0.484 0.917 0.864 0.564 Sleep stage W;
526, 0.304 0.495 0.591 0.484 0.909 0.865 0.453 Sleep stage W;
527, 0.366 0.438 0.578 0.485 0.94 0.868 0.508 Sleep stage W;
528, 0.363 0.558 0.566 0.481 0.911 0.857 0.558 Sleep stage W;
529, 0.413 0.39 0.564 0.484 0.94 0.864 0.657 Sleep stage W;
530, 0.405 0.453 0.544 0.484 0.927 0.862 0.508 Sleep stage W;
531, 0.343 0.621 0.5 0.486 0.922 0.86 0.569 Sleep stage W;
532, 0.411 0.464 0.593 0.49 0.932 0.864 0.519 Sleep stage W;
533, 0.391 0.497 0.44 0.481 0.905 0.858 0.448 Sleep stage W;
534, 0.331 0.461 0.474 0.487 0.923 0.859 0.464 Sleep stage W;
535, 0.406 0.504 0.53 0.485 0.905 0.861 0.503 Sleep stage W;
536, 0.349 0.475 0.623 0.484 0.918 0.861 0.552 Sleep stage W;
537, 0.351 0.481 0.366 0.485 0.937 0.86 0.564 Sleep stage W;
538, 0.429 0.442 0.623 0.489 0.933 0.864 0.519 Sleep stage W;
539, 0.378 0.554 0.682 0.483 0.92 0.861 0.431 Sleep stage W;
540, 0.414 0.488 0.555 0.484 0.929 0.861 0.508 Sleep stage W;
541, 0.294 0.424 0.51 0.49 0.911 0.862 0.381 Sleep stage W;
542, 0.53 0.52 0.587 0.485 0.92 0.861 0.425 Sleep stage W;
543, 0.385 0.445 0.564 0.487 0.92 0.858 0.398 Sleep stage W;
544, 0.425 0.479 0.571 0.485 0.939 0.864 0.481 Sleep stage W;
545, 0.487 0.455 0.512 0.488 0.942 0.861 0.481 Sleep stage W;
546, 0.345 0.543 0.707 0.488 0.927 0.861 0.392 Sleep stage W;
547, 0.351 0.564 0.537 0.487 0.92 0.865 0.37 Sleep stage W;
548, 0.358 0.547 0.523 0.484 0.931 0.861 0.431 Sleep stage W;
549, 0.369 0.541 0.559 0.491 0.952 0.848 0.663 Sleep stage W;
550, 0.197 0.469 0.604 0.49 0.942 0.864 0.492 Sleep stage W;
551, 0.753 0.384 0.542 0.486 0.924 0.861 0.525 Sleep stage W;
552, 0.418 0.518 0.567 0.487 0.975 0.855 0.751 Sleep stage W;
553, 0.528 0.499 0.842 0.485 0.917 0.86 0.387 Sleep stage W;
554, 0.376 0.422 0.532 0.489 0.915 0.866 0.381 Sleep stage W;
555, 0.438 0.551 0.482 0.492 0.939 0.859 0.293 Sleep stage W;
556, 0.437 0.532 0.547 0.487 0.932 0.854 0.552 Sleep stage W;
557, 0.362 0.467 0.545 0.486 0.947 0.851 0.586 Sleep stage W;
558, 0.32 0.457 0.587 0.482 0.944 0.85 0.519 Sleep stage W;
559, 0.407 0.349 0.81 0.487 0.937 0.853 0.508 Sleep stage W;
560, 0.354 0.427 0.575 0.495 0.934 0.859 0.448 Sleep stage W;
561, 0.378 0.381 0.605 0.484 0.92 0.859 0.425 Sleep stage W;
562, 0.38 0.554 0.593 0.479 0.911 0.854 0.42 Sleep stage W;
563, 0.376 0.522 0.509 0.496 0.935 0.856 0.442 Sleep stage W;
564, 0.447 0.488 0.38 0.495 0.937 0.854 0.464 Sleep stage W;
565, 0.417 0.486 0.537 0.488 0.951 0.852 0.564 Sleep stage W;
566, 0.388 0.487 0.565 0.489 0.94 0.855 0.58 Sleep stage W;
567, 0.409 0.488 0.479 0.49 0.94 0.849 0.431 Sleep stage W;
568, 0.301 0.473 0.38 0.49 0.924 0.852 0.398 Sleep stage W;
569, 0.382 0.351 0.547 0.488 0.901 0.852 0.387 Sleep stage W;
570, 0.361 0.407 0.526 0.489 0.926 0.844 0.453 Sleep stage W;
571, 0.408 0.446 0.612 0.482 0.917 0.853 0.37 Sleep stage W;
572, 0.385 0.532 0.657 0.493 0.939 0.854 0.42 Sleep stage W;
573, 0.397 0.42 0.565 0.489 0.917 0.855 0.409 Sleep stage W;
574, 0.407 0.317 0.506 0.486 0.947 0.853 0.63 Sleep stage W;
575, 0.372 0.522 0.61 0.495 0.962 0.851 0.613 Sleep stage W;
576, 0.356 0.485 0.546 0.491 0.929 0.85 0.552 Sleep stage W;
577, 0.368 0.485 0.542 0.491 0.92 0.853 0.481 Sleep stage W;
578, 0.362 0.492 0.542 0.484 0.914 0.847 0.464 Sleep stage W;
579, 0.402 0.377 0.613 0.491 0.952 0.845 0.635 Sleep stage W;
580, 0.384 0.353 0.571 0.485 0.914 0.855 0.414 Sleep stage W;
581, 0.354 0.434 0.6 0.489 0.923 0.853 0.536 Sleep stage W;
582, 0.386 0.507 0.533 0.49 0.952 0.852 0.663 Sleep stage W;
583, 0.362 0.395 0.527 0.487 0.942 0.849 0.613 Sleep stage W;
584, 0.368 0.53 0.537 0.488 0.934 0.853 0.597 Sleep stage W;
585, 0.419 0.426 0.557 0.493 0.937 0.859 0.63 Sleep stage W;
586, 0.414 0.417 0.53 0.484 0.906 0.854 0.503 Sleep stage W;
587, 0.361 0.508 0.487 0.49 0.932 0.856 0.591 Sleep stage W;
588, 0.373 0.569 0.503 0.492 0.925 0.852 0.575 Sleep stage W;
589, 0.381 0.63 0.588 0.486 0.895 0.85 0.442 Sleep stage W;
590, 0.401 0.444 0.285 0.484 0.909 0.851 0.464 Sleep stage W;
591, 0.411 0.375 0.595 0.486 0.917 0.85 0.508 Sleep stage W;
592, 0.363 0.445 0.569 0.482 0.912 0.856 0.431 Sleep stage W;
593, 0.419 0.441 0.497 0.488 0.924 0.854 0.497 Sleep stage W;
594, 0.295 0.551 0.603 0.486 0.902 0.853 0.403 Sleep stage W;
595, 0.495 0.572 0.585 0.485 0.893 0.851 0.359 Sleep stage W;
596, 0.372 0.568 0.528 0.491 0.923 0.844 0.475 Sleep stage W;
597, 0.362 0.56 0.491 0.492 0.927 0.845 0.514 Sleep stage W;
598, 0.328 0.376 0.582 0.485 0.916 0.841 0.431 Sleep stage W;
599, 0.33 0.502 0.743 0.485 0.956 0.843 0.602 Sleep stage W;
600, 0.398 0.499 0.519 0.489 0.933 0.845 0.492 Sleep stage W;
601, 0.396 0.431 0.607 0.49 0.95 0.847 0.685 Sleep stage W;
602, 0.371 0.409 0.653 0.484 0.911 0.839 0.47 Sleep stage W;
603, 0.35 0.529 0.626 0.485 0.917 0.842 0.47 Sleep stage W;
604, 0.324 0.463 0.643 0.487 0.916 0.847 0.436 Sleep stage W;
605, 0.395 0.425 0.53 0.49 0.962 0.854 0.475 Sleep stage W;
606, 0.359 0.459 0.592 0.486 0.963 0.846 0.602 Sleep stage W;
607, 0.389 0.413 0.518 0.489 0.974 0.847 0.597 Sleep stage W;
608, 0.329 0.493 0.58 0.484 0.951 0.845 0.541 Sleep stage W;
609, 0.389 0.539 0.588 0.496 0.934 0.845 0.392 Sleep stage W;
610, 0.53 0.409 0.755 0.483 0.909 0.847 0.398 Sleep stage W;
611, 0.394 0.428 0.561 0.484 0.91 0.85 0.409 Sleep stage W;
612, 0.382 0.457 0.506 0.487 0.949 0.842 0.436 Sleep stage W;
613, 0.422 0.487 0.592 0.491 0.959 0.845 0.641 Sleep stage W;
614, 0.347 0.514 0.459 0.491 0.922 0.844 0.42 Sleep stage W;
615, 0.379 0.491 0.564 0.483 0.922 0.844 0.398 Sleep stage W;
616, 0.369 0.502 0.57 0.494 0.941 0.839 0.492 Sleep stage W;
617, 0.349 0.618 0.552 0.497 0.943 0.842 0.58 Sleep stage W;
618, 0.395 0.578 0.521 0.488 0.934 0.848 0.53 Sleep stage W;
619, 0.365 0.428 0.558 0.482 0.918 0.844 0.425 Sleep stage W;
620, 0.357 0.455 0.574 0.488 0.922 0.845 0.564 Sleep stage W;
621, 0.364 0.481 0.472 0.495 0.932 0.842 0.497 Sleep stage W;
622, 0.372 0.569 0.577 0.484 0.929 0.847 0.503 Sleep stage W;
623, 0.404 0.436 0.574 0.485 0.93 0.842 0.591 Sleep stage W;
624, 0.288 0.471 0.57 0.491 0.944 0.847 0.536 Sleep stage W;
625, 0.373 0.475 0.476 0.482 0.94 0.845 0.564 Sleep stage W;
626, 0.166 0.325 0.66 0.486 0.899 0.841 0.348 Sleep stage W;
627, 0.414 0.415 0.576 0.489 0.931 0.834 0.525 Sleep stage W;
628, 0.375 0.517 0.556 0.486 0.917 0.841 0.392 Sleep stage W;
629, 0.378 0.481 0.516 0.482 0.895 0.844 0.348 Sleep stage W;
630, 0.326 0.451 0.425 0.491 0.912 0.824 0.569 Sleep stage W;
631, 0.419 0.46 0.495 0.484 0.906 0.831 0.552 Sleep stage W;
632, 0.372 0.501 0.557 0.486 0.908 0.833 0.431 Sleep stage W;
633, 0.386 0.398 0.546 0.483 0.921 0.825 0.552 Sleep stage W;
634, 0.254 0.419 0.364 0.491 0.927 0.831 0.475 Sleep stage W;
635, 0.405 0.464 0.664 0.489 0.925 0.831 0.547 Sleep stage W;
636, 0.433 0.511 0.571 0.487 0.923 0.834 0.47 Sleep stage W;
637, 0.353 0.498 0.564 0.483 0.887 0.828 0.398 Sleep stage W;
638, 0.345 0.492 0.692 0.489 0.916 0.827 0.442 Sleep stage W;
639, 0.396 0.611 0.601 0.488 0.899 0.829 0.47 Sleep stage W;
640, 0.34 0.531 0.498 0.485 0.927 0.83 0.414 Sleep stage W;
641, 0.371 0.471 0.534 0.483 0.938 0.829 0.591 Sleep stage W;
642, 0.349 0.454 0.54 0.488 0.933 0.827 0.519 Sleep stage W;
643, 0.422 0.424 0.503 0.493 0.934 0.83 0.575 Sleep stage W;
644, 0.448 0.525 0.511 0.493 0.91 0.826 0.536 Sleep stage W;
645, 0.385 0.529 0.562 0.495 0.927 0.827 0.58 Sleep stage W;
646, 0.385 0.532 0.551 0.491 0.923 0.828 0.492 Sleep stage W;
647, 0.355 0.462 0.475 0.49 0.924 0.828 0.436 Sleep stage W;
648, 0.323 0.478 0.528 0.488 0.902 0.83 0.381 Sleep stage W;
649, 0.141 0.501 0.714 0.48 0.901 0.826 0.359 Sleep stage W;
650, 0.342 0.49 0.546 0.488 0.935 0.828 0.58 Sleep stage W;
651, 0.379 0.508 0.504 0.487 0.916 0.828 0.42 Sleep stage W;
652, 0.301 0.484 0.503 0.493 0.921 0.824 0.514 Sleep stage W;
653, 0.389 0.449 0.575 0.489 0.937 0.827 0.448 Sleep stage W;
654, 0.354 0.512 0.546 0.493 0.922 0.827 0.276 Sleep stage W;
655, 0.383 0.496 0.61 0.488 0.928 0.83 0.409 Sleep stage W;
656, 0.394 0.477 0.573 0.495 0.903 0.83 0.215 Sleep stage W;
657, 0.382 0.499 0.447 0.492 0.925 0.826 0.254 Sleep stage W;
658, 0.365 0.505 0.52 0.492 0.93 0.826 0.287 Sleep stage W;
659, 0.34 0.459 0.571 0.491 0.946 0.823 0.392 Sleep stage W;
660, 0.35 0.506 0.558 0.488 0.919 0.82 0.436 Sleep stage W;
661, 0.303 0.506 0.531 0.493 0.921 0.827 0.254 Sleep stage W;
662, 0.359 0.513 0.508 0.495 0.908 0.823 0.298 Sleep stage W;
663, 0.413 0.453 0.504 0.49 0.901 0.822 0.293 Sleep stage W;
664, 0.453 0.474 0.629 0.489 0.865 0.824 0.193 Sleep stage W;
665, 0.399 0.416 0.437 0.489 0.933 0.82 0.575 Sleep stage W;
666, 0.376 0.485 0.519 0.488 0.922 0.822 0.453 Sleep stage W;
667, 0.373 0.409 0.552 0.487 0.891 0.819 0.221 Sleep stage W;
668, 0.277 0.435 0.533 0.485 0.919 0.825 0.293 Sleep stage W;
669, 0.564 0.565 0.5 0.494 0.914 0.827 0.331 Sleep stage W;
670, 0.44 0.477 0.492 0.491 0.927 0.829 0.387 Sleep stage W;
671, 0.465 0.522 0.356 0.493 0.932 0.824 0.459 Sleep stage W;
672, 0.342 0.494 0.366 0.494 0.945 0.828 0.536 Sleep stage W;
673, 0.34 0.462 0.508 0.491 0.915 0.819 0.453 Sleep stage W;
674, 0.347 0.422 0.483 0.49 0.916 0.828 0.359 Sleep stage W;
675, 0.502 0.539 0.831 0.483 0.917 0.826 0.475 Sleep stage W;
676, 0.385 0.4 0.555 0.488 0.924 0.824 0.409 Sleep stage W;
677, 0.375 0.478 0.79 0.489 0.91 0.825 0.309 Sleep stage W;
678, 0.279 0.398 0.596 0.487 0.93 0.827 0.298 Sleep stage W;
679, 0.389 0.438 0.673 0.489 0.906 0.825 0.249 Sleep stage W;
680, 0.456 0.556 0.576 0.496 0.95 0.834 0.481 Sleep stage W;
681, 0.419 0.467 0.407 0.493 0.916 0.822 0.32 Sleep stage W;
682, 0.396 0.475 0.547 0.489 0.947 0.825 0.442 Sleep stage W;
683, 0.38 0.524 0.433 0.491 0.92 0.827 0.37 Sleep stage W;
684, 0.379 0.331 0.507 0.491 0.921 0.825 0.442 Sleep stage W;
685, 0.36 0.426 0.549 0.485 0.919 0.826 0.459 Sleep stage W;
686, 0.334 0.482 0.655 0.489 0.932 0.829 0.514 Sleep stage W;
687, 0.399 0.578 0.345 0.498 0.951 0.831 0.525 Sleep stage W;
688, 0.396 0.463 0.447 0.491 0.921 0.822 0.448 Sleep stage W;
689, 0.364 0.677 0.759 0.489 0.924 0.827 0.464 Sleep stage W;
690, 0.371 0.334 0.641 0.497 0.928 0.823 0.381 Sleep stage W;
691, 0.439 0.346 0.352 0.492 0.944 0.83 0.436 Sleep stage W;
692, 0.459 0.561 0.568 0.491 0.923 0.822 0.442 Sleep stage W;
693, 0.501 0.513 0.758 0.487 0.92 0.83 0.453 Sleep stage W;
694, 0.353 0.582 0.561 0.489 0.92 0.83 0.282 Sleep stage W;
695, 0.321 0.388 0.781 0.49 0.925 0.823 0.315 Sleep stage W;
696, 0.548 0.545 0.351 0.497 0.923 0.83 0.409 Sleep stage W;
697, 0.157 0.557 0.625 0.494 0.929 0.831 0.331 Sleep stage W;
698, 0.567 0.474 0.507 0.493 0.91 0.83 0.398 Sleep stage W;
699, 0.341 0.364 0.612 0.492 0.92 0.828 0.315 Sleep stage W;
700, 0.459 0.589 0.493 0.493 0.923 0.835 0.326 Sleep stage W;
701, 0.409 0.533 0.427 0.5 0.916 0.838 0.287 Sleep stage W;
702, 0.342 0.487 0.567 0.496 0.922 0.837 0.403 Sleep stage W;
703, 0.401 0.395 0.757 0.494 0.932 0.832 0.403 Sleep stage W;
704, 0.337 0.535 0.409 0.493 0.937 0.838 0.398 Sleep stage W;
705, 0.428 0.487 0.536 0.496 0.927 0.832 0.271 Sleep stage W;
706, 0.318 0.434 0.816 0.5 0.945 0.833 0.53 Sleep stage W;
707, 0.355 0.425 0.379 0.496 0.922 0.834 0.481 Sleep stage W;
708, 0.411 0.554 0.56 0.498 0.918 0.839 0.525 Sleep stage W;
709, 0.518 0.554 0.531 0.495 0.933 0.835 0.53 Sleep stage W;
710, 0.441 0.558 0.566 0.494 0.944 0.835 0.663 Sleep stage W;
711, 0.379 0.515 0.559 0.496 0.909 0.827 0.536 Sleep stage W;
712, 0.39 0.456 0.466 0.502 0.935 0.827 0.508 Sleep stage W;
713, 0.313 0.448 0.465 0.504 0.947 0.826 0.58 Sleep stage W;
714, 0.484 0.506 0.599 0.497 0.93 0.83 0.586 Sleep stage W;
715, 0.425 0.508 0.429 0.498 0.926 0.831 0.547 Sleep stage W;
716, 0.37 0.52 0.511 0.497 0.909 0.825 0.425 Sleep stage W;
717, 0.39 0.518 0.325 0.505 0.947 0.83 0.63 Sleep stage W;
718, 0.461 0.474 0.395 0.505 0.945 0.83 0.514 Sleep stage W;
719, 0.454 0.499 0.391 0.502 0.945 0.838 0.459 Sleep stage W;
720, 0.348 0.468 0.529 0.501 0.943 0.841 0.425 Sleep stage W;
721, 0.392 0.432 0.441 0.5 0.929 0.839 0.381 Sleep stage W;
722, 0.413 0.471 0.55 0.498 0.921 0.835 0.409 Sleep stage W;
723, 0.414 0.501 0.56 0.503 0.942 0.837 0.453 Sleep stage W;
724, 0.419 0.492 0.48 0.504 0.937 0.837 0.37 Sleep stage W;
725, 0.378 0.513 0.572 0.495 0.92 0.835 0.376 Sleep stage W;
726, 0.375 0.493 0.569 0.497 0.927 0.84 0.453 Sleep stage W;
727, 0.375 0.475 0.536 0.497 0.941 0.831 0.436 Sleep stage W;
728, 0.372 0.463 0.509 0.494 0.911 0.828 0.359 Sleep stage W;
729, 0.412 0.517 0.629 0.497 0.915 0.832 0.365 Sleep stage W;
730, 0.307 0.394 0.591 0.504 0.951 0.832 0.403 Sleep stage W;
731, 0.404 0.487 0.526 0.496 0.941 0.839 0.431 Sleep stage W;
732, 0.363 0.477 0.484 0.492 0.924 0.835 0.348 Sleep stage W;
733, 0.353 0.457 0.576 0.495 0.937 0.839 0.448 Sleep stage W;
734, 0.368 0.476 0.596 0.491 0.943 0.832 0.425 Sleep stage W;
735, 0.404 0.501 0.552 0.495 0.935 0.834 0.497 Sleep stage W;
736, 0.361 0.486 0.551 0.494 0.934 0.835 0.514 Sleep stage W;
737, 0.381 0.455 0.554 0.498 0.951 0.835 0.536 Sleep stage W;
738, 0.363 0.485 0.548 0.498 0.925 0.833 0.519 Sleep stage W;
739, 0.356 0.532 0.653 0.498 0.928 0.831 0.409 Sleep stage W;
740, 0.327 0.497 0.556 0.499 0.911 0.834 0.348 Sleep stage W;
741, 0.42 0.45 0.534 0.504 0.941 0.833 0.552 Sleep stage W;
742, 0.391 0.538 0.524 0.499 0.93 0.835 0.453 Sleep stage W;
743, 0.398 0.485 0.596 0.498 0.916 0.825 0.514 Sleep stage W;
744, 0.355 0.467 0.568 0.494 0.908 0.834 0.431 Sleep stage W;
745, 0.391 0.484 0.527 0.494 0.927 0.829 0.448 Sleep stage W;
746, 0.389 0.521 0.558 0.493 0.921 0.836 0.453 Sleep stage W;
747, 0.353 0.426 0.538 0.499 0.928 0.826 0.525 Sleep stage W;
748, 0.487 0.573 0.514 0.496 0.891 0.833 0.287 Sleep stage W;
749, 0.293 0.45 0.554 0.489 0.9 0.833 0.381 Sleep stage W;
750, 0.375 0.477 0.547 0.49 0.906 0.83 0.387 Sleep stage W;
751, 0.369 0.465 0.551 0.494 0.933 0.838 0.514 Sleep stage W;
752, 0.345 0.388 0.566 0.494 0.935 0.839 0.547 Sleep stage W;
753, 0.341 0.467 0.503 0.495 0.94 0.829 0.624 Sleep stage W;
754, 0.386 0.461 0.542 0.498 0.934 0.829 0.569 Sleep stage W;
755, 0.38 0.443 0.568 0.492 0.935 0.827 0.602 Sleep stage W;
756, 0.38 0.516 0.516 0.494 0.907 0.83 0.453 Sleep stage W;
757, 0.38 0.513 0.534 0.501 0.95 0.831 0.624 Sleep stage W;
758, 0.373 0.486 0.565 0.494 0.943 0.827 0.608 Sleep stage W;
759, 0.332 0.458 0.555 0.498 0.936 0.824 0.663 Sleep stage W;
760, 0.397 0.511 0.635 0.501 0.904 0.829 0.475 Sleep stage W;
761, 0.219 0.44 0.63 0.495 0.901 0.827 0.431 Sleep stage W;
762, 0.376 0.488 0.545 0.493 0.895 0.834 0.271 Sleep stage W;
763, 0.375 0.502 0.575 0.502 0.928 0.834 0.42 Sleep stage W;
764, 0.329 0.429 0.555 0.495 0.908 0.827 0.32 Sleep stage W;
765, 0.352 0.462 0.53 0.492 0.912 0.832 0.359 Sleep stage W;
766, 0.374 0.466 0.553 0.494 0.922 0.832 0.343 Sleep stage W;
767, 0.382 0.454 0.535 0.484 0.909 0.833 0.459 Sleep stage W;
768, 0.373 0.459 0.496 0.495 0.932 0.829 0.453 Sleep stage W;
769, 0.417 0.468 0.565 0.496 0.952 0.827 0.547 Sleep stage W;
770, 0.483 0.539 0.527 0.487 0.926 0.831 0.547 Sleep stage W;
771, 0.387 0.437 0.524 0.49 0.905 0.831 0.503 Sleep stage W;
772, 0.396 0.496 0.538 0.496 0.912 0.833 0.497 Sleep stage W;
773, 0.295 0.407 0.634 0.494 0.938 0.829 0.564 Sleep stage W;
774, 0.373 0.465 0.53 0.504 0.937 0.826 0.431 Sleep stage W;
775, 0.642 0.575 0.472 0.495 0.909 0.831 0.508 Sleep stage W;
776, 0.394 0.515 0.506 0.493 0.926 0.832 0.459 Sleep stage W;
777, 0.396 0.518 0.584 0.492 0.92 0.833 0.425 Sleep stage W;
778, 0.375 0.477 0.74 0.491 0.896 0.834 0.343 Sleep stage W;
779, 0.372 0.473 0.605 0.492 0.909 0.824 0.392 Sleep stage W;
780, 0.356 0.462 0.684 0.496 0.895 0.822 0.365 Sleep stage W;
781, 0.409 0.465 0.531 0.496 0.915 0.82 0.464 Sleep stage W;
782, 0.396 0.505 0.539 0.496 0.917 0.821 0.403 Sleep stage W;
783, 0.351 0.502 0.546 0.497 0.911 0.829 0.442 Sleep stage W;
784, 0.365 0.47 0.575 0.499 0.933 0.822 0.414 Sleep stage W;
785, 0.339 0.494 0.514 0.494 0.915 0.822 0.497 Sleep stage W;
786, 0.343 0.55 0.599 0.495 0.909 0.825 0.558 Sleep stage W;
787, 0.419 0.487 0.465 0.496 0.913 0.822 0.431 Sleep stage W;
788, 0.385 0.541 0.508 0.496 0.914 0.826 0.37 Sleep stage W;
789, 0.382 0.461 0.567 0.5 0.929 0.828 0.459 Sleep stage W;
790, 0.374 0.513 0.543 0.5 0.946 0.836 0.442 Sleep stage W;
791, 0.373 0.495 0.53 0.492 0.911 0.829 0.199 Sleep stage W;
792, 0.362 0.469 0.508 0.493 0.939 0.832 0.475 Sleep stage W;
793, 0.201 0.392 0.896 0.496 0.943 0.833 0.414 Sleep stage W;
794, 0.458 0.437 0.611 0.488 0.924 0.826 0.481 Sleep stage W;
795, 0.369 0.411 0.655 0.493 0.954 0.828 0.53 Sleep stage W;
796, 0.372 0.442 0.67 0.491 0.906 0.832 0.442 Sleep stage W;
797, 0.388 0.511 0.551 0.495 0.943 0.834 0.53 Sleep stage W;
798, 0.294 0.567 0.831 0.497 0.918 0.836 0.569 Sleep stage W;
799, 0.303 0.466 0.39 0.498 0.924 0.832 0.475 Sleep stage W;
800, 0.392 0.36 0.611 0.498 0.921 0.829 0.525 Sleep stage W;
801, 0.412 0.447 0.503 0.496 0.924 0.838 0.547 Sleep stage W;
802, 0.462 0.466 0.508 0.493 0.917 0.836 0.348 Sleep stage W;
803, 0.418 0.469 0.389 0.493 0.897 0.843 0.376 Sleep stage W;
804, 0.265 0.459 0.51 0.494 0.92 0.827 0.536 Sleep stage W;
805, 0.452 0.547 0.47 0.491 0.91 0.831 0.58 Sleep stage W;
806, 0.532 0.514 0.65 0.502 0.92 0.83 0.492 Sleep stage W;
807, 0.376 0.417 0.85 0.497 0.896 0.828 0.486 Sleep stage W;
808, 0.346 0.475 0.745 0.491 0.914 0.823 0.453 Sleep stage W;
809, 0.412 0.543 0.472 0.495 0.92 0.831 0.569 Sleep stage W;
810, 0.359 0.414 0.465 0.499 0.93 0.827 0.514 Sleep stage W;
811, 0.358 0.587 0.396 0.495 0.944 0.832 0.481 Sleep stage W;
812, 0.4 0.477 0.544 0.487 0.932 0.834 0.376 Sleep stage W;
813, 0.339 0.44 0.627 0.489 0.94 0.827 0.508 Sleep stage W;
814, 0.375 0.489 0.524 0.492 0.939 0.83 0.381 Sleep stage W;
815, 0.442 0.511 0.549 0.499 0.952 0.828 0.508 Sleep stage W;
816, 0.369 0.517 0.492 0.487 0.918 0.832 0.381 Sleep stage W;
817, 0.39 0.484 0.382 0.492 0.951 0.834 0.58 Sleep stage W;
818, 0.324 0.445 0.388 0.497 0.933 0.832 0.586 Sleep stage W;
819, 0.38 0.523 0.551 0.499 0.947 0.834 0.575 Sleep stage W;
820, 0.362 0.553 0.544 0.494 0.935 0.841 0.53 Sleep stage W;
821, 0.397 0.509 0.56 0.498 0.947 0.834 0.624 Sleep stage W;
822, 0.371 0.414 0.545 0.493 0.895 0.832 0.398 Sleep stage W;
823, 0.386 0.647 0.484 0.494 0.937 0.837 0.53 Sleep stage W;
824, 0.385 0.421 0.552 0.499 0.891 0.837 0.138 Sleep stage W;
825, 0.346 0.425 0.552 0.494 0.88 0.832 0.16 Sleep stage W;
826, 0.376 0.475 0.542 0.499 0.901 0.839 0.381 Sleep stage W;
827, 0.355 0.562 0.554 0.493 0.899 0.833 0.293 Sleep stage W;
828, 0.368 0.439 0.557 0.493 0.918 0.826 0.459 Sleep stage W;
829, 0.363 0.559 0.553 0.494 0.92 0.818 0.569 Sleep stage W;
830, 0.383 0.406 0.551 0.492 0.934 0.822 0.552 Sleep stage W;
831, 0.41 0.601 0.712 0.497 0.915 0.827 0.42 Sleep stage W;
832, 0.371 0.46 0.493 0.495 0.904 0.83 0.309 Sleep stage W;
833, 0.492 0.493 0.297 0.5 0.914 0.825 0.442 Sleep stage W;
834, 0.461 0.458 0.472 0.501 0.923 0.826 0.503 Sleep stage W;
835, 0.408 0.459 0.757 0.5 0.918 0.828 0.492 Sleep stage W;
836, 0.389 0.521 0.38 0.493 0.924 0.828 0.497 Sleep stage W;
837, 0.35 0.425 0.581 0.498 0.923 0.834 0.359 Sleep stage W;
838, 0.367 0.479 0.51 0.499 0.923 0.838 0.464 Sleep stage W;
839, 0.354 0.471 0.522 0.505 0.933 0.832 0.398 Sleep stage W;
840, 0.406 0.482 0.515 0.492 0.952 0.834 0.508 Sleep stage W;
841, 0.347 0.459 0.536 0.493 0.922 0.828 0.331 Sleep stage W;
842, 0.429 0.532 0.606 0.493 0.921 0.833 0.376 Sleep stage W;
843, 0.405 0.548 0.406 0.499 0.915 0.842 0.348 Sleep stage W;
844, 0.361 0.493 0.514 0.498 0.96 0.827 0.53 Sleep stage W;
845, 0.354 0.514 0.508 0.492 0.917 0.827 0.431 Sleep stage W;
846, 0.38 0.516 0.533 0.498 0.929 0.835 0.431 Sleep stage W;
847, 0.416 0.449 0.536 0.501 0.924 0.841 0.53 Sleep stage W;
848, 0.397 0.537 0.546 0.497 0.91 0.836 0.497 Sleep stage W;
849, 0.403 0.486 0.473 0.492 0.906 0.842 0.47 Sleep stage W;
850, 0.418 0.437 0.526 0.498 0.895 0.843 0.37 Sleep stage W;
851, 0.38 0.478 0.481 0.496 0.912 0.837 0.392 Sleep stage W;
852, 0.319 0.416 0.541 0.491 0.921 0.842 0.564 Sleep stage W;
853, 0.237 0.492 0.707 0.497 0.896 0.844 0.431 Sleep stage W;
854, 0.349 0.585 0.536 0.497 0.896 0.844 0.265 Sleep stage W;
855, 0.37 0.524 0.674 0.494 0.891 0.844 0.348 Sleep stage W;
856, 0.422 0.467 0.565 0.5 0.932 0.847 0.514 Sleep stage W;
857, 0.384 0.452 0.405 0.496 0.899 0.848 0.392 Sleep stage W;
858, 0.37 0.555 0.392 0.5 0.934 0.847 0.514 Sleep stage W;
859, 0.386 0.425 0.457 0.495 0.914 0.855 0.392 Sleep stage W;
860, 0.413 0.571 0.494 0.502 0.931 0.839 0.486 Sleep stage W;
861, 0.451 0.489 0.551 0.497 0.918 0.835 0.519 Sleep stage W;
862, 0.259 0.419 0.706 0.502 0.948 0.837 0.525 Sleep stage W;
863, 0.394 0.595 0.581 0.5 0.912 0.834 0.409 Sleep stage W;
864, 0.352 0.44 0.584 0.503 0.92 0.843 0.508 Sleep stage W;
865, 0.435 0.561 0.455 0.505 0.916 0.841 0.348 Sleep stage W;
866, 0.354 0.506 0.455 0.495 0.889 0.835 0.354 Sleep stage W;
867, 0.419 0.484 0.499 0.503 0.918 0.839 0.47 Sleep stage W;
868, 0.4 0.517 0.662 0.503 0.929 0.837 0.514 Sleep stage W;
869, 0.366 0.463 0.539 0.5 0.907 0.836 0.459 Sleep stage W;
870, 0.418 0.526 0.213 0.504 0.902 0.832 0.442 Sleep stage W;
871, 0.394 0.501 0.669 0.498 0.914 0.832 0.436 Sleep stage W;
872, 0.469 0.487 0.569 0.509 0.911 0.844 0.376 Sleep stage W;
873, 0.408 0.373 0.552 0.5 0.932 0.847 0.459 Sleep stage W;
874, 0.385 0.457 0.442 0.504 0.923 0.849 0.293 Sleep stage W;
875, 0.326 0.506 0.429 0.498 0.924 0.846 0.359 Sleep stage W;
876, 0.337 0.545 0.501 0.495 0.92 0.843 0.348 Sleep stage W;
877, 0.38 0.438 0.55 0.49 0.911 0.846 0.387 Sleep stage W;
878, 0.307 0.541 0.52 0.487 0.89 0.837 0.282 Sleep stage W;
879, 0.459 0.489 0.488 0.5 0.933 0.846 0.409 Sleep stage W;
880, 0.385 0.52 0.442 0.497 0.918 0.851 0.32 Sleep stage W;
881, 0.364 0.438 0.569 0.493 0.928 0.844 0.558 Sleep stage W;
882, 0.428 0.458 0.453 0.497 0.936 0.848 0.42 Sleep stage W;
883, 0.402 0.492 0.561 0.496 0.935 0.846 0.558 Sleep stage W;
884, 0.437 0.523 0.735 0.492 0.935 0.848 0.497 Sleep stage W;
885, 0.378 0.495 0.543 0.492 0.927 0.847 0.569 Sleep stage W;
886, 0.353 0.486 0.685 0.493 0.925 0.842 0.569 Sleep stage W;
887, 0.522 0.503 0.364 0.491 0.919 0.844 0.365 Sleep stage W;
888, 0.491 0.469 0.468 0.499 0.946 0.847 0.448 Sleep stage W;
889, 0.371 0.482 0.692 0.495 0.926 0.847 0.486 Sleep stage W;
890, 0.341 0.517 0.655 0.499 0.927 0.854 0.448 Sleep stage W;
891, 0.361 0.458 0.723 0.493 0.907 0.845 0.492 Sleep stage W;
892, 0.347 0.588 0.598 0.496 0.904 0.847 0.425 Sleep stage W;
893, 0.361 0.466 0.57 0.497 0.895 0.848 0.42 Sleep stage W;
894, 0.335 0.455 0.448 0.498 0.911 0.85 0.519 Sleep stage W;
895, 0.36 0.469 0.492 0.497 0.887 0.856 0.409 Sleep stage W;
896, 0.394 0.491 0.559 0.5 0.92 0.851 0.564 Sleep stage W;
897, 0.374 0.446 0.563 0.498 0.918 0.854 0.514 Sleep stage W;
898, 0.394 0.496 0.473 0.501 0.851 0.849 0.591 Sleep stage W;
899, 0.367 0.487 0.348 0.497 0.918 0.841 0.464 Sleep stage W;
900, 0.486 0.533 0.736 0.497 0.918 0.827 0.547 Sleep stage W;
901, 0.385 0.46 0.53 0.505 0.928 0.823 0.431 Sleep stage W;
902, 0.306 0.474 0.668 0.496 0.899 0.821 0.348 Sleep stage W;
903, 0.396 0.388 0.511 0.504 0.94 0.801 0.492 Sleep stage W;
904, 0.399 0.295 0.541 0.493 0.886 0.806 0.26 Sleep stage W;
905, 0.483 0.438 0.597 0.496 0.918 0.8 0.442 Sleep stage W;
906, 0.392 0.702 0.577 0.502 0.931 0.794 0.536 Sleep stage W;
907, 0.426 0.488 0.585 0.49 0.91 0.8 0.564 Sleep stage W;
908, 0.306 0.44 0.563 0.499 0.92 0.804 0.392 Sleep stage W;
909, 0.353 0.496 0.518 0.496 0.918 0.798 0.552 Sleep stage W;
910, 0.317 0.624 0.537 0.504 0.934 0.801 0.63 Sleep stage W;
911, 0.279 0.48 0.959 0.493 0.921 0.805 0.558 Sleep stage W;
912, 0.386 0.48 0.838 0.502 0.918 0.806 0.569 Sleep stage W;
913, 0.345 0.459 0.291 0.507 0.921 0.813 0.486 Sleep stage W;
914, 0.374 0.495 0.577 0.502 0.889 0.81 0.58 Sleep stage W;
915, 0.38 0.546 0.746 0.501 0.92 0.815 0.575 Sleep stage W;
916, 0.401 0.813 0.486 0.5 0.935 0.816 0.641 Sleep stage W;
917, 0.364 0.533 0.516 0.497 0.923 0.818 0.541 Sleep stage W;
918, 0.352 0.232 0.549 0.509 0.953 0.817 0.724 Sleep stage W;
919, 0.344 0.558 0.393 0.499 0.881 0.803 0.403 Sleep stage W;
920, 0.432 0.406 0.49 0.507 0.94 0.815 0.58 Sleep stage W;
921, 0.367 0.588 0.687 0.501 0.919 0.815 0.47 Sleep stage W;
922, 0.455 0.417 0.393 0.505 0.93 0.83 0.525 Sleep stage W;
923, 0.318 0.552 0.665 0.506 0.909 0.829 0.298 Sleep stage W;
924, 0.391 0.428 0.559 0.503 0.929 0.822 0.47 Sleep stage W;
925, 0.588 0.256 0.75 0.496 0.891 0.829 0.298 Sleep stage W;
926, 0.308 0.471 0.566 0.498 0.917 0.822 0.304 Sleep stage W;
927, 0.355 0.528 0.615 0.501 0.931 0.819 0.508 Sleep stage W;
928, 0.296 0.323 0.559 0.486 0.898 0.818 0.497 Sleep stage W;
929, 0.382 0.378 0.588 0.49 0.903 0.828 0.331 Sleep stage W;
930, 0.42 0.512 0.719 0.503 0.937 0.825 0.558 Sleep stage W;
931, 0.432 0.437 0.533 0.496 0.926 0.833 0.442 Sleep stage W;
932, 0.665 0.661 0.287 0.498 0.933 0.832 0.586 Sleep stage W;
933, 0.415 0.63 0.474 0.501 0.927 0.831 0.575 Sleep stage W;
934, 0.387 0.596 0.999 0.499 0.918 0.832 0.552 Sleep stage W;
935, 0.394 0.402 0.452 0.49 0.896 0.825 0.298 Sleep stage W;
936, 0.435 0.442 0.463 0.494 0.902 0.829 0.436 Sleep stage W;
937, 0.361 0.515 0.504 0.496 0.905 0.836 0.331 Sleep stage W;
938, 0.35 0.375 0.438 0.498 0.912 0.831 0.232 Sleep stage W;
939, 0.416 0.355 0.698 0.493 0.92 0.836 0.464 Sleep stage W;
940, 0.327 0.459 0.618 0.49 0.933 0.834 0.597 Sleep stage W;
941, 0.481 0.53 0.395 0.5 0.918 0.828 0.436 Sleep stage W;
942, 0.418 0.226 0.507 0.5 0.901 0.835 0.221 Sleep stage W;
943, 0.29 0.428 0.639 0.496 0.911 0.832 0.448 Sleep stage W;
944, 0.401 0.462 0.471 0.491 0.915 0.833 0.547 Sleep stage W;
945, 0.376 0.426 0.534 0.495 0.921 0.832 0.492 Sleep stage W;
946, 0.243 0.485 0.488 0.499 0.928 0.837 0.42 Sleep stage W;
947, 0.391 0.502 0.685 0.492 0.932 0.846 0.503 Sleep stage W;
948, 0.31 0.61 0.724 0.496 0.95 0.84 0.641 Sleep stage W;
949, 0.311 0.478 0.393 0.498 0.929 0.848 0.392 Sleep stage W;
950, 0.427 0.477 0.516 0.495 0.942 0.838 0.519 Sleep stage W;
951, 0.304 0.48 0.772 0.496 0.916 0.835 0.53 Sleep stage W;
952, 0.418 0.493 0.608 0.496 0.946 0.833 0.464 Sleep stage W;
953, 0.588 0.434 0.444 0.5 0.935 0.84 0.657 Sleep stage W;
954, 0.31 0.412 0.843 0.492 0.91 0.835 0.425 Sleep stage W;
955, 0.437 0.509 0.345 0.5 0.926 0.837 0.486 Sleep stage W;
956, 0.35 0.546 0.603 0.496 0.927 0.834 0.652 Sleep stage W;
957, 0.243 0.496 0.606 0.502 0.918 0.837 0.481 Sleep stage W;
958, 0.423 0.435 0.321 0.5 0.9 0.846 0.293 Sleep stage W;
959, 0.401 0.424 0.51 0.499 0.9 0.839 0.238 Sleep stage W;
960, 0.386 0.439 0.484 0.495 0.928 0.837 0.519 Sleep stage W;
961, 0.047 0.144 0.663 0.485 0.892 0.84 0.497 Sleep stage W;
962, 0.338 0.564 0.469 0.492 0.914 0.839 0.47 Sleep stage W;
963, 0.376 0.456 0.815 0.493 0.912 0.842 0.475 Sleep stage W;
964, 0.567 0.68 0.447 0.496 0.94 0.85 0.547 Sleep stage W;
965, 0.347 0.396 0.63 0.492 0.916 0.845 0.381 Sleep stage W;
966, 0.378 0.467 0.528 0.487 0.919 0.849 0.398 Sleep stage W;
967, 0.297 0.48 0.856 0.492 0.913 0.84 0.442 Sleep stage W;
968, 0.337 0.362 0.388 0.488 0.894 0.842 0.359 Sleep stage W;
969, 0.5 0.46 0.479 0.497 0.923 0.843 0.536 Sleep stage W;
970, 0.366 0.451 0.538 0.5 0.901 0.853 0.365 Sleep stage W;
971, 0.434 0.451 0.374 0.501 0.926 0.848 0.414 Sleep stage W;
972, 0.32 0.527 0.576 0.492 0.904 0.848 0.552 Sleep stage W;
973, 0.355 0.484 0.819 0.494 0.908 0.849 0.475 Sleep stage W;
974, 0.412 0.375 0.443 0.505 0.921 0.851 0.464 Sleep stage W;
975, 0.441 0.515 0.657 0.498 0.923 0.849 0.541 Sleep stage W;
976, 0.458 0.302 0.608 0.5 0.938 0.837 0.746 Sleep stage W;
977, 0.374 0.522 0.823 0.498 0.921 0.842 0.619 Sleep stage W;
978, 0.466 0.282 0.397 0.499 0.944 0.842 0.757 Sleep stage W;
979, 0.421 0.413 0.521 0.497 0.912 0.845 0.575 Sleep stage W;
980, 0.266 0.535 0.54 0.504 0.932 0.848 0.525 Sleep stage W;
981, 0.725 0.667 0.463 0.502 0.922 0.846 0.602 Sleep stage W;
982, 0.33 0.568 0.309 0.5 0.914 0.843 0.42 Sleep stage W;
983, 0.461 0.526 0.21 0.5 0.899 0.853 0.309 Sleep stage W;
984, 0.509 0.415 0.562 0.501 0.883 0.845 0.348 Sleep stage W;
985, 0.437 0.624 0.376 0.501 0.905 0.847 0.503 Sleep stage W;
986, 0.429 0.52 0.642 0.504 0.907 0.848 0.414 Sleep stage W;
987, 0.203 0.591 0.595 0.507 0.914 0.853 0.354 Sleep stage W;
988, 0.355 0.558 0.829 0.5 0.912 0.852 0.387 Sleep stage W;
989, 0.344 0.445 0.646 0.498 0.916 0.854 0.309 Sleep stage W;
990, 0.412 0.408 0.653 0.502 0.904 0.85 0.298 Sleep stage W;
991, 0.359 0.447 0.465 0.498 0.935 0.855 0.37 Sleep stage W;
992, 0.399 0.535 0.494 0.501 0.949 0.852 0.459 Sleep stage W;
993, 0.379 0.599 0.608 0.497 0.919 0.854 0.37 Sleep stage W;
994, 0.382 0.542 0.553 0.498 0.913 0.851 0.293 Sleep stage W;
995, 0.474 0.505 0.636 0.498 0.912 0.856 0.359 Sleep stage W;
996, 0.414 0.501 0.735 0.496 0.929 0.856 0.403 Sleep stage W;
997, 0.378 0.546 0.328 0.503 0.923 0.864 0.193 Sleep stage W;
998, 0.306 0.714 0.675 0.499 0.892 0.859 0.265 Sleep stage W;
999, 0.407 0.502 0.477 0.502 0.935 0.859 0.448 Sleep stage W;
1000, 0.281 0.422 0.514 0.501 0.92 0.85 0.425 Sleep stage W;
1001, 0.462 0.383 0.45 0.507 0.94 0.851 0.514 Sleep stage W;
1002, 0.43 0.467 0.804 0.503 0.924 0.85 0.519 Sleep stage W;
1003, 0.343 0.303 0.613 0.496 0.898 0.849 0.414 Sleep stage W;
1004, 0.369 0.489 0.456 0.505 0.924 0.855 0.564 Sleep stage W;
1005, 0.287 0.427 0.602 0.504 0.916 0.855 0.481 Sleep stage W;
1006, 0.354 0.461 0.586 0.505 0.922 0.854 0.431 Sleep stage W;
1007, 0.381 0.417 0.513 0.507 0.913 0.857 0.481 Sleep stage W;
1008, 0.413 0.496 0.577 0.506 0.926 0.856 0.525 Sleep stage W;
1009, 0.223 0.546 0.552 0.506 0.923 0.858 0.525 Sleep stage W;
1010, 0.417 0.628 0.561 0.497 0.903 0.853 0.492 Sleep stage W;
1011, 0.3 0.485 0.51 0.505 0.917 0.855 0.519 Sleep stage W;
1012, 0.369 0.581 0.519 0.503 0.906 0.855 0.431 Sleep stage W;
1013, 0.314 0.465 0.533 0.503 0.916 0.852 0.558 Sleep stage W;
1014, 0.367 0.506 0.616 0.504 0.913 0.861 0.414 Sleep stage W;
1015, 0.375 0.333 0.488 0.507 0.922 0.855 0.519 Sleep stage W;
1016, 0.414 0.433 0.536 0.503 0.922 0.849 0.58 Sleep stage W;
1017, 0.376 0.543 0.615 0.501 0.898 0.842 0.486 Sleep stage W;
1018, 0.358 0.511 0.492 0.498 0.892 0.847 0.481 Sleep stage W;
1019, 0.404 0.681 0.398 0.492 0.935 0.856 0.652 Sleep stage W;
1020, 0.45 0.575 0.603 0.505 0.924 0.848 0.569 Sleep stage W;
1021, 0.379 0.499 0.563 0.502 0.912 0.849 0.464 Sleep stage W;
1022, 0.404 0.389 0.335 0.504 0.907 0.849 0.586 Sleep stage W;
1023, 0.369 0.468 0.522 0.503 0.911 0.851 0.58 Sleep stage W;
1024, 0.378 0.667 0.523 0.507 0.91 0.855 0.569 Sleep stage W;
1025, 0.391 0.492 0.699 0.504 0.911 0.858 0.635 Sleep stage W;
1026, 0.383 0.417 0.788 0.498 0.912 0.85 0.702 Sleep stage W;
1027, 0.292 0.424 0.966 0.502 0.886 0.856 0.519 Sleep stage W;
1028, 0.531 0.589 0.541 0.499 0.907 0.851 0.541 Sleep stage W;
1029, 0.349 0.505 0.485 0.5 0.901 0.854 0.459 Sleep stage W;
1030, 0.307 0.482 0.65 0.5 0.889 0.85 0.547 Sleep stage W;
1031, 0.398 0.502 0.585 0.504 0.904 0.85 0.519 Sleep stage W;
1032, 0.316 0.37 0.55 0.502 0.913 0.853 0.475 Sleep stage W;
1033, 0.338 0.516 0.581 0.507 0.932 0.862 0.613 Sleep stage W;
1034, 0.348 0.601 0.46 0.5 0.922 0.861 0.613 Sleep stage W;
1035, 0.333 0.524 0.607 0.505 0.939 0.857 0.558 Sleep stage W;
1036, 0.371 0.463 0.531 0.506 0.927 0.875 0.586 Sleep stage W;
1037, 0.355 0.496 0.46 0.025 0.933 0.876 0.398 Sleep stage W;
1038, 0.421 0.613 0.606 0.025 0.92 0.869 0.453 Sleep stage W;
1039, 0.333 0.424 0.738 0.016 0.947 0.874 0.547 Sleep stage W;
1040, 0.42 0.54 0.559 0.043 0.921 0.88 0.481 Sleep stage W;
1041, 0.353 0.509 0.519 0.049 0.938 0.876 0.453 Sleep stage W;
1042, 0.331 0.434 0.816 0.085 0.943 0.874 0.525 Sleep stage W;
1043, 0.268 0.447 0.591 0.241 0.924 0.876 0.343 Sleep stage W;
1044, 0.275 0.478 0.659 0.536 0.889 0.876 0.271 Sleep stage W;
1045, 0.29 0.452 0.609 0.409 0.932 0.874 0.525 Sleep stage W;
1046, 0.514 0.598 0.564 0.576 0.904 0.875 0.519 Sleep stage W;
1047, 0.307 0.393 0.631 0.479 0.93 0.871 0.398 Sleep stage W;
1048, 0.42 0.578 0.587 0.043 0.955 0.869 0.591 Sleep stage W;
1049, 0.312 0.492 0.574 0.032 0.934 0.878 0.464 Sleep stage W;
1050, 0.35 0.531 0.556 0.83 0.922 0.875 0.519 Sleep stage W;
1051, 0.361 0.42 0.562 0.374 0.916 0.877 0.387 Sleep stage W;
1052, 0.353 0.531 0.58 0.044 0.939 0.866 0.47 Sleep stage W;
1053, 0.39 0.45 0.529 0.327 0.926 0.881 0.425 Sleep stage W;
1054, 0.409 0.822 0.59 0.942 0.91 0.871 0.47 Sleep stage W;
1055, 0.433 0.476 0.752 0.234 0.883 0.883 0.387 Sleep stage W;
1056, 0.339 0.49 0.495 0.886 0.9 0.871 0.398 Sleep stage W;
1057, 0.506 0.6 0.406 0.869 0.91 0.862 0.431 Sleep stage W;
1058, 0.331 0.307 0.566 0.723 0.863 0.883 0.287 Sleep stage W;
1059, 0.362 0.477 0.637 0.182 0.925 0.867 0.53 Sleep stage W;
1060, 0.361 0.567 0.537 0.075 0.924 0.877 0.398 Sleep stage W;
1061, 0.329 0.505 0.548 0.638 0.897 0.867 0.326 Sleep stage W;
1062, 0.354 0.481 0.549 0.033 0.916 0.877 0.492 Sleep stage W;
1063, 0.394 0.535 0.52 0.684 0.91 0.874 0.519 Sleep stage W;
1064, 0.392 0.426 0.542 0.836 0.894 0.865 0.536 Sleep stage W;
1065, 0.376 0.462 0.551 0.343 0.91 0.855 0.547 Sleep stage W;
1066, 0.383 0.383 0.543 0.083 0.902 0.857 0.381 Sleep stage W;
1067, 0.344 0.421 0.605 0.441 0.895 0.855 0.547 Sleep stage W;
1068, 0.379 0.497 0.544 0.177 0.9 0.855 0.376 Sleep stage W;
1069, 0.375 0.517 0.546 0.104 0.931 0.859 0.436 Sleep stage W;
1070, 0.398 0.542 0.566 0.314 0.896 0.853 0.436 Sleep stage W;
1071, 0.436 0.599 0.573 0.185 0.911 0.859 0.293 Sleep stage W;
1072, 0.375 0.489 0.534 0.64 0.896 0.871 0.315 Sleep stage W;
1073, 0.34 0.424 0.537 0.629 0.912 0.849 0.497 Sleep stage W;
1074, 0.366 0.53 0.524 0.757 0.889 0.86 0.409 Sleep stage W;
1075, 0.381 0.514 0.566 0.618 0.887 0.854 0.409 Sleep stage W;
1076, 0.361 0.461 0.553 0.718 0.887 0.856 0.453 Sleep stage W;
1077, 0.356 0.262 0.468 0.73 0.888 0.853 0.508 Sleep stage W;
1078, 0.343 0.53 0.653 0.907 0.873 0.847 0.293 Sleep stage W;
1079, 0.397 0.481 0.551 0.415 0.892 0.86 0.453 Sleep stage W;
1080, 0.493 0.5 0.355 0.528 0.938 0.84 0.514 Sleep stage W;
1081, 0.422 0.347 0.305 0.181 0.934 0.841 0.503 Sleep stage W;
1082, 0.507 0.045 0.65 0.439 0.939 0.839 0.409 Sleep stage W;
1083, 0.321 0.384 0.602 0.403 0.92 0.849 0.414 Sleep stage W;
1084, 0.458 0.106 0.553 0.106 0.946 0.838 0.619 Sleep stage W;
1085, 0.365 0.449 0.592 0.707 0.923 0.825 0.597 Sleep stage W;
1086, 0.39 0.493 0.535 0.506 0.929 0.826 0.547 Sleep stage W;
1087, 0.441 0.551 0.538 0.293 0.932 0.822 0.442 Sleep stage W;
1088, 0.317 0.471 0.588 0.166 0.923 0.822 0.459 Sleep stage W;
1089, 0.35 0.379 0.582 0.675 0.931 0.837 0.486 Sleep stage W;
1090, 0.34 0.54 0.597 0.795 0.888 0.844 0.348 Sleep stage W;
1091, 0.364 0.439 0.56 0.118 0.942 0.828 0.519 Sleep stage W;
1092, 0.359 0.494 0.488 0.857 0.891 0.832 0.315 Sleep stage W;
1093, 0.509 0.559 0.557 0.49 0.932 0.825 0.569 Sleep stage W;
1094, 0.487 0.451 0.463 0.758 0.895 0.838 0.387 Sleep stage W;
1095, 0.36 0.492 0.445 0.81 0.884 0.842 0.331 Sleep stage W;
1096, 0.349 0.432 0.698 0.566 0.912 0.834 0.475 Sleep stage W;
1097, 0.361 0.481 0.459 0.313 0.903 0.838 0.359 Sleep stage W;
1098, 0.378 0.469 0.58 0.16 0.916 0.825 0.309 Sleep stage W;
1099, 0.368 0.447 0.495 0.945 0.913 0.84 0.37 Sleep stage W;
1100, 0.468 0.516 0.544 0.4 0.911 0.859 0.271 Sleep stage W;
1101, 0.505 0.389 0.492 0.051 0.949 0.848 0.398 Sleep stage W;
1102, 0.305 0.475 0.526 0.396 0.918 0.854 0.381 Sleep stage W;
1103, 0.383 0.449 0.555 0.309 0.921 0.839 0.492 Sleep stage W;
1104, bang;
